1 0.5 -1.22464679915e-16 0.5
2 0.5 -1.22464679915e-16 0.25
3 0.494415413113 0.0745211330881 0.5
4 0.477786402893 0.147377587205 0.5
5 0.450484433951 0.216941869559 0.5
6 0.413119387158 0.281660029032 0.5
7 0.366525935915 0.340086368885 0.5
8 0.311744900929 0.390915741234 0.5
9 0.25 0.433012701892 0.5
10 0.182670512183 0.465436874322 0.5
11 0.111260466978 0.487463956091 0.5
12 0.0373650467932 0.498601898591 0.5
13 -0.0373650467932 0.498601898591 0.5
14 -0.111260466978 0.487463956091 0.5
15 -0.182670512183 0.465436874322 0.5
16 -0.25 0.433012701892 0.5
17 -0.311744900929 0.390915741234 0.5
18 -0.366525935915 0.340086368885 0.5
19 -0.413119387158 0.281660029032 0.5
20 -0.450484433951 0.216941869559 0.5
21 -0.477786402893 0.147377587205 0.5
22 -0.494415413113 0.0745211330881 0.5
23 -0.5 -3.82856869893e-16 0.5
24 -0.494415413113 -0.0745211330881 0.5
25 -0.477786402893 -0.147377587205 0.5
26 -0.450484433951 -0.216941869559 0.5
27 -0.413119387158 -0.281660029032 0.5
28 -0.366525935915 -0.340086368885 0.5
29 -0.311744900929 -0.390915741234 0.5
30 -0.25 -0.433012701892 0.5
31 -0.182670512183 -0.465436874322 0.5
32 -0.111260466978 -0.487463956091 0.5
33 -0.0373650467932 -0.498601898591 0.5
34 0.0373650467932 -0.498601898591 0.5
35 0.111260466978 -0.487463956091 0.5
36 0.182670512183 -0.465436874322 0.5
37 0.25 -0.433012701892 0.5
38 0.311744900929 -0.390915741234 0.5
39 0.366525935915 -0.340086368885 0.5
40 0.413119387158 -0.281660029032 0.5
41 0.450484433951 -0.216941869559 0.5
42 0.477786402893 -0.147377587205 0.5
43 0.494415413113 -0.0745211330881 0.5
44 0.5 -1.22464679915e-16 0.3125
45 0.5 -1.22464679915e-16 0.375
46 0.5 -1.22464679915e-16 0.4375
47 0.494415413113 0.0745211330881 0.25
48 0.477786402893 0.147377587205 0.25
49 0.450484433951 0.216941869559 0.25
50 0.413119387158 0.281660029032 0.25
51 0.366525935915 0.340086368885 0.25
52 0.311744900929 0.390915741234 0.25
53 0.25 0.433012701892 0.25
54 0.182670512183 0.465436874322 0.25
55 0.111260466978 0.487463956091 0.25
56 0.0373650467932 0.498601898591 0.25
57 -0.0373650467932 0.498601898591 0.25
58 -0.111260466978 0.487463956091 0.25
59 -0.182670512183 0.465436874322 0.25
60 -0.25 0.433012701892 0.25
61 -0.311744900929 0.390915741234 0.25
62 -0.366525935915 0.340086368885 0.25
63 -0.413119387158 0.281660029032 0.25
64 -0.450484433951 0.216941869559 0.25
65 -0.477786402893 0.147377587205 0.25
66 -0.494415413113 0.0745211330881 0.25
67 -0.5 -3.82856869893e-16 0.25
68 -0.494415413113 -0.0745211330881 0.25
69 -0.477786402893 -0.147377587205 0.25
70 -0.450484433951 -0.216941869559 0.25
71 -0.413119387158 -0.281660029032 0.25
72 -0.366525935915 -0.340086368885 0.25
73 -0.311744900929 -0.390915741234 0.25
74 -0.25 -0.433012701892 0.25
75 -0.182670512183 -0.465436874322 0.25
76 -0.111260466978 -0.487463956091 0.25
77 -0.0373650467932 -0.498601898591 0.25
78 0.0373650467932 -0.498601898591 0.25
79 0.111260466978 -0.487463956091 0.25
80 0.182670512183 -0.465436874322 0.25
81 0.25 -0.433012701892 0.25
82 0.311744900929 -0.390915741234 0.25
83 0.366525935915 -0.340086368885 0.25
84 0.413119387158 -0.281660029032 0.25
85 0.450484433951 -0.216941869559 0.25
86 0.477786402893 -0.147377587205 0.25
87 0.494415413113 -0.0745211330881 0.25
88 0.493039325509 0.0831397829077 0.374163589815
89 0.235157584367 0.441249261206 0.374043973916
90 0.406041216615 0.291771366673 0.374054116063
91 -0.206903769998 0.455182194248 0.374048719957
92 0.0160039404097 0.499743808257 0.374054167967
93 -0.486969316412 0.113405841442 0.374048352465
94 -0.38673467837 0.316916848 0.374022048633
95 -0.386735973377 -0.316915267692 0.37401730469
96 -0.486970013319 -0.113402848854 0.374053000353
97 0.0160039578115 -0.4997438077 0.374049756307
98 -0.206907592267 -0.455180456811 0.374053158963
99 0.40604155641 -0.291770893799 0.374049649618
100 0.235158074424 -0.441249000036 0.374049155645
101 0.49303993683 -0.0831361575419 0.374168552182
102 0.498292585703 -0.0412855789982 0.464793672569
103 0.498293500342 -0.0412745383649 0.284520434719
104 0.48307525466 -0.128989528007 0.286705174891
105 0.369444724376 -0.33691333549 0.45591350246
106 0.283244946719 -0.412034343421 0.463047830316
107 0.329677149921 -0.375916183238 0.374064815303
108 0.435413560942 -0.245794692677 0.285813617108
109 0.369449603712 -0.336907984941 0.292718148587
110 0.283250815395 -0.412030309052 0.285807869268
111 0.183287755007 -0.465194151795 0.292821993934
112 0.461942875784 -0.191334208943 0.374016745937
113 0.435415519905 -0.245791222434 0.46305825662
114 0.483075602313 -0.128988226011 0.462135001045
115 -0.0398260188671 -0.498411364458 0.455806907789
116 -0.150811309082 -0.476713697153 0.463125586599
117 -0.0971889039928 -0.490463369622 0.374064660667
118 0.0737653508451 -0.49452873831 0.285828839806
119 -0.0398269558259 -0.498411289589 0.292820480888
120 -0.150806434153 -0.476715239339 0.285733811982
121 -0.265912525308 -0.423427123463 0.286594338373
122 -0.424573661726 -0.264078029696 0.462014013522
123 -0.469221939903 -0.172715868158 0.462186482213
124 -0.448517434532 -0.220979888046 0.374028027591
125 -0.345900800509 -0.361043814802 0.286615650248
126 -0.424733559706 -0.263820778672 0.28659782628
127 -0.469237853035 -0.172672630371 0.28661471111
128 -0.497421671009 -0.0507117462745 0.286600139847
129 -0.304749677415 -0.396393282127 0.374009631641
130 -0.345869823766 -0.361073489761 0.462207081661
131 -0.265907371561 -0.423430359976 0.462228874968
132 0.129531533774 -0.482930203816 0.374013537262
133 0.0737655453307 -0.4945287093 0.463044214337
134 0.183290106612 -0.46519322525 0.45581872721
135 -0.469222505295 0.172714332135 0.462184902408
136 -0.424575171305 0.264075602644 0.462015116943
137 -0.448518895222 0.220976923296 0.37402757471
138 -0.497421604132 0.0507124022556 0.286616104812
139 -0.469236730356 0.17267568122 0.286598777522
140 -0.424734547746 0.263819187989 0.286613741411
141 -0.345896762468 0.361047683435 0.286599699401
142 -0.150805484594 0.476715539726 0.463124610611
143 -0.0398326937641 0.49841083105 0.455804927199
144 -0.0971886046623 0.490463428936 0.374060985945
145 -0.265915254535 0.423425409495 0.286609773939
146 -0.150804270628 0.476715923754 0.28571813427
147 -0.0398265774449 0.498411319824 0.292838814457
148 0.0737660606697 0.49452863243 0.285812245906
149 -0.304750942306 0.396392309667 0.374009626603
150 -0.265907792608 0.423430095565 0.462236798069
151 -0.34587252283 0.361070904327 0.46219852174
152 0.283249207225 0.412031414587 0.463048159701
153 0.369439508624 0.336919054771 0.455912096249
154 0.329676160399 0.375917051042 0.374062969571
155 0.183285289595 0.465195123167 0.292840347985
156 0.283252793098 0.412028949471 0.285791375697
157 0.369445826815 0.336912126598 0.29273619176
158 0.435414906592 0.245792308906 0.285798657082
159 0.49829258482 0.0412855896627 0.46479355948
160 0.483075031545 0.128990363586 0.286719358277
161 0.498293622259 0.041273066468 0.28450582613
162 0.461943959078 0.1913315935 0.374017642605
163 0.483075487024 0.128988657781 0.462139457735
164 0.435416841833 0.245788880644 0.463051178914
165 0.129531811792 0.482930129246 0.374012604116
166 0.183288047696 0.465194036475 0.455826629576
167 0.0737677639945 0.494528378352 0.46303596398
168 -0.5 -7.0018353509e-07 0.374010935205
169 -0.497421394112 0.0507144622307 0.462230765435
170 -0.497421241135 -0.0507159626492 0.462222206751
171 0.496728536345 -0.0571030750517 0.422390092776
172 0.498975027536 -0.0319987796007 0.374510982357
173 0.496718796397 -0.0571877373722 0.326384126633
174 0.487932378763 -0.109187882821 0.328567415928
175 0.493207776934 -0.0821345772022 0.292918579162
176 0.332702360648 -0.373241395372 0.461957355627
177 0.388228664173 -0.315084916038 0.419480345465
178 0.350804275018 -0.356281294245 0.419201681872
179 0.370272772194 -0.336003086551 0.373736961023
180 0.307745158699 -0.394072223453 0.420059838645
181 0.259410621932 -0.427441375196 0.420281006968
182 0.284241009424 -0.411347843754 0.373809744909
183 0.421507567729 -0.268944920657 0.327870423866
184 0.388196078045 -0.315125062461 0.328819096017
185 0.401259808525 -0.29831286607 0.287296409903
186 0.259398773791 -0.427448565509 0.327816624151
187 0.208983516133 -0.454231097554 0.328844772355
188 0.229374774375 -0.44428280732 0.287217252102
189 0.332707606126 -0.373236719557 0.28688388229
190 0.307728901973 -0.394084918375 0.328106391217
191 0.350798249645 -0.356287226892 0.329189455768
192 0.463301972246 -0.188019367388 0.286100021219
193 0.450149600872 -0.217635789417 0.327997021504
194 0.436785064496 -0.24334914718 0.374287440137
195 0.472622366883 -0.163181182498 0.328342303131
196 0.480794054004 -0.137248233628 0.374338259329
197 0.421476969993 -0.268992869358 0.420287702251
198 0.401259298895 -0.298313551569 0.461565428231
199 0.487938338346 -0.109161247576 0.419797134549
200 0.493210661282 -0.082117255174 0.455953546397
201 0.463301430785 -0.188020701607 0.462780243269
202 0.472628413017 -0.163163670003 0.420114978472
203 0.450175195844 -0.217582841802 0.42015373133
204 -0.0898159611235 -0.491866946569 0.461899442776
205 -0.0128632738888 -0.499834508798 0.419473621577
206 -0.0681193087396 -0.495338025773 0.419139849163
207 -0.0408096493568 -0.498331789593 0.37374490373
208 -0.124063671089 -0.484363712014 0.420058553189
209 -0.180328794947 -0.466349145719 0.420452285056
210 -0.152838390016 -0.476067670124 0.373816497374
211 0.0442309303359 -0.498039782348 0.327834364791
212 -0.0128628688501 -0.499834519221 0.328828542274
213 0.011272338124 -0.499872918243 0.287219851987
214 -0.180376054237 -0.466330868652 0.327654369534
215 -0.234146690815 -0.441786517653 0.327914555609
216 -0.210948798212 -0.453321745048 0.286246535597
217 -0.0898139042728 -0.49186732215 0.286940689497
218 -0.12409868599 -0.484354742039 0.328109304284
219 -0.0680522436147 -0.495347244001 0.329249169756
220 -0.449067847039 -0.219859202118 0.45534474599
221 -0.404934829841 -0.293304932761 0.420297718254
222 -0.435734946348 -0.245224502305 0.419056038403
223 -0.4205881558 -0.270380478587 0.373736351373
224 -0.460240799098 -0.195392954955 0.419038276403
225 -0.47951857224 -0.141640173951 0.420216285351
226 -0.470732476256 -0.168555438353 0.373753815376
227 -0.367866715449 -0.33863561488 0.327843108901
228 -0.405049646195 -0.293146352728 0.327914429695
229 -0.388514511042 -0.314732385861 0.286368617355
230 -0.479522099206 -0.141628232965 0.327831354949
231 -0.492818412815 -0.0844393983298 0.327938975471
232 -0.487177594439 -0.112507739629 0.286370157953
233 -0.449141814998 -0.21970805634 0.293202038109
234 -0.460232130733 -0.195413371705 0.329056529248
235 -0.43582380839 -0.245066537986 0.329250574504
236 -0.306917749804 -0.394716980703 0.293203780102
237 -0.326827754205 -0.378396113988 0.329073916516
238 -0.347853898317 -0.359162449911 0.374323225969
239 -0.283013815674 -0.412193134511 0.329271584798
240 -0.257944030725 -0.428328001669 0.374358334941
241 -0.367866891165 -0.338635423996 0.420305474526
242 -0.388433152618 -0.314832790457 0.462439277274
243 -0.234178756015 -0.441769521619 0.420354355998
244 -0.210946594982 -0.453322770293 0.462634914334
245 -0.30690768806 -0.394724804148 0.455465653813
246 -0.283036257186 -0.41217772516 0.419188473456
247 -0.326900774902 -0.378333032352 0.418999572186
248 0.13507666022 -0.481408657861 0.28695218716
249 0.102295222543 -0.489423832118 0.328145486188
250 0.0732792874319 -0.494600996798 0.374298802125
251 0.157424522065 -0.474570879693 0.329268580556
252 0.183533209752 -0.465097367137 0.374386300851
253 0.0442304584561 -0.498039824256 0.420330787163
254 0.0112723883358 -0.499872917111 0.461645887167
255 0.208983882916 -0.454230928803 0.41939666503
256 0.229376017389 -0.444282165574 0.461633642994
257 0.135076997566 -0.481408563207 0.461900544783
258 0.157392506737 -0.47458149861 0.419160115295
259 0.102320518599 -0.489418544268 0.419957485581
260 -0.449070981571 0.219852799644 0.455344159348
261 -0.47951847866 0.141640490761 0.420402295844
262 -0.460209593976 0.19546644114 0.419118030651
263 -0.470728130253 0.168567575139 0.373768910746
264 -0.435704048997 0.245279395155 0.418966988782
265 -0.404970433276 0.293255772615 0.42011532967
266 -0.420588697668 0.270379635686 0.3737205381
267 -0.492820769526 0.0844256425701 0.327848235014
268 -0.479530255702 0.141600613933 0.327923370639
269 -0.487178755496 0.112502711939 0.286370321414
270 -0.405047283303 0.293149617583 0.327822604474
271 -0.367902777284 0.338596435992 0.327933449494
272 -0.388518187353 0.314727847666 0.286368429979
273 -0.449141012155 0.219709697557 0.293202027475
274 -0.435828382275 0.245058403659 0.329051423641
275 -0.460258664731 0.195350867773 0.32925524655
276 -0.0898158043343 0.491866975199 0.461896035568
277 -0.180382372352 0.466328424766 0.420601856899
278 -0.124111202685 0.484351534908 0.4201532287
279 -0.152847547262 0.476064730153 0.373828703012
280 -0.0680641372155 0.495345609878 0.419120010817
281 -0.0128088762 0.499835905764 0.419291402091
282 -0.0407959494208 0.498332911326 0.373736543937
283 -0.23414402617 0.441787929904 0.327831258481
284 -0.180440625311 0.466305887522 0.327745465368
285 -0.210956214737 0.453318293767 0.286247380999
286 -0.0128514476621 0.499834813006 0.328739875283
287 0.0442284686178 0.498040000968 0.32795454845
288 0.0112734201177 0.499872893843 0.287223938776
289 -0.089813899252 0.491867323067 0.286940136966
290 -0.0681045701278 0.495340052416 0.329086362749
291 -0.124058507266 0.484365034633 0.32831119542
292 -0.306916096144 0.394718266524 0.293203734412
293 -0.282998114617 0.412203914493 0.329072868198
294 -0.257941874131 0.428329300387 0.374331833039
295 -0.326899243957 0.378334355168 0.329273172046
296 -0.347868711012 0.359148103015 0.374350264213
297 -0.234184277504 0.441766594674 0.420375768143
298 -0.210953057436 0.453319763035 0.46265535415
299 -0.367875324637 0.338626262306 0.420279648077
300 -0.388438952221 0.314825634912 0.462414157136
301 -0.30690985807 0.394723116905 0.455465556023
302 -0.32683233087 0.378392160989 0.419175894895
303 -0.283053960464 0.412165568025 0.419010777145
304 0.332701487183 0.373242173965 0.461955677421
305 0.25940564898 0.427444393199 0.420433124053
306 0.307731423715 0.394082949211 0.420157039228
307 0.284239975715 0.411348558045 0.373821466825
308 0.350834188323 0.356251838316 0.41918501954
309 0.388225415647 0.315088918634 0.419293863259
310 0.37027273138 0.336003131527 0.373728504271
311 0.209008698026 0.454219510974 0.328756535612
312 0.259380675483 0.427459548011 0.327937385046
313 0.229375407518 0.44428248044 0.287221523037
314 0.388221071845 0.315094270617 0.328732120975
315 0.42148400153 0.268981851534 0.327995326894
316 0.401259470005 0.298313321412 0.287301319117
317 0.332707231123 0.373237053839 0.28688358216
318 0.35079874575 0.356286738429 0.329025039426
319 0.307718967542 0.394092675668 0.328316660466
320 0.496728487601 0.0571034990701 0.422388627982
321 0.498974969943 0.0319996776642 0.374497648884
322 0.487959402828 0.109067049064 0.328490537254
323 0.496722446963 0.0571560205333 0.326480305106
324 0.493211679737 0.0821111379237 0.292922089819
325 0.463301898682 0.188019548657 0.286100457812
326 0.472628346429 0.163163862887 0.328189008836
327 0.480798706799 0.137231933383 0.37431614318
328 0.450182508765 0.217567710845 0.328163609294
329 0.436788491048 0.243342996792 0.374316368486
330 0.487938524747 0.109160414382 0.419798682116
331 0.493210662958 0.0821172451114 0.455954098815
332 0.421478627619 0.268990272055 0.420263184494
333 0.401259121217 0.298313790563 0.46153993892
334 0.463302071597 0.188019122576 0.462779771504
335 0.450141105023 0.217653361032 0.420290646995
336 0.472627853607 0.163165290411 0.419979959012
337 0.135076730406 0.481408638168 0.286951849284
338 0.157398130179 0.474579633588 0.329103396242
339 0.183531317709 0.465098113757 0.374361992808
340 0.102317501119 0.489419175109 0.32835245347
341 0.073283702674 0.494600342623 0.374330671571
342 0.20898110181 0.454232208332 0.419417330934
343 0.229375130164 0.444282623633 0.461654369521
344 0.0442394097806 0.498039029216 0.42030589196
345 0.0112794444004 0.499872757943 0.461620659085
346 0.135076913038 0.481408586924 0.461899641391
347 0.102300798537 0.489422666638 0.420138005888
348 0.157421493337 0.474571884371 0.419016982981
349 -0.499999999999 1.01112395418e-06 0.293204654147
350 -0.499233510976 0.027674925804 0.32907545998
351 -0.496772494868 0.0567193824236 0.374333005731
352 -0.499231477 -0.0277115927386 0.329275001583
353 -0.49677165146 -0.0567267688648 0.374360101196
354 -0.492820877685 0.0844250112093 0.420348471641
355 -0.487176378701 0.11251300385 0.462521928097
356 -0.492820527428 -0.0844270557701 0.420322256094
357 -0.487176172713 -0.112513895766 0.462496447314
358 -0.499999999998 -1.27118878417e-06 0.455468996328
359 -0.499234430733 -0.0276583291362 0.419185690846
360 -0.499232456723 0.0276939371479 0.419009081043
361 -0.298294998139 -0.0565479991024 0.5
362 0.298300209155 -0.0565482344781 0.5
363 -3.23209854946e-06 0.448198716286 0.5
364 0.149228362978 0.201932710668 0.5
365 0.423656406734 0.189097457747 0.5
366 -0.42365520889 0.18909799279 0.5
367 -0.149232067111 0.201934053402 0.5
368 -0.149162931472 -0.315864873058 0.5
369 0.149164593669 -0.315861178073 0.5
370 7.91602928636e-09 -0.0565052105135 0.5
371 0.134162338005 0.440198333269 0.5
372 -0.134172657887 0.440213060726 0.5
373 0.370925150259 0.0733629021145 0.5
374 0.446585632218 -0.0538274092454 0.5
375 0.367755186485 -0.183692047857 0.5
376 0.223910346766 -0.185758591359 0.5
377 0.302414504895 -0.315659502825 0.5
378 0.0724199174075 -0.436933948891 0.5
379 -0.370879378291 0.0733856498648 0.5
380 -0.4465734582 -0.0538214336506 0.5
381 -0.223883145243 -0.18572721736 0.5
382 -0.367739109821 -0.183681904504 0.5
383 -0.302377039675 -0.31561581761 0.5
384 -0.0724132168012 -0.436930163961 0.5
385 8.92855488196e-07 -0.314657146103 0.5
386 -0.074609022874 -0.185735747219 0.5
387 -0.14921747066 -0.0565069254126 0.5
388 0.0746101140104 -0.185736418106 0.5
389 0.149217348233 -0.0565070090994 0.5
390 -0.223819370957 0.0727214628679 0.5
391 -0.299287722047 0.201521825481 0.5
392 -0.222549707692 0.329050843602 0.5
393 -0.0744027985621 0.330431708489 0.5
394 0.223813504364 0.0727190977497 0.5
395 0.299273001268 0.201517671468 0.5
396 0.0744001517128 0.330434745099 0.5
397 0.22252572263 0.329032050363 0.5
398 1.49274165726e-07 0.201933712635 0.5
399 0.0746076314443 0.0727189377447 0.5
400 -0.0746077353338 0.0727189511002 0.5
401 0.0722925067339 0.445546061618 0.5
402 -0.0722974271586 0.445542682277 0.5
403 0.404445227994 0.137153786352 0.5
404 0.437792415969 0.0763105507837 0.5
405 0.459665305296 0.0201650531133 0.5
406 0.405339019995 0.0105765055564 0.5
407 0.334836333287 0.0084540302837 0.5
408 0.371843874634 -0.0563276029507 0.5
409 0.334672997696 -0.121313148102 0.5
410 0.261026065243 -0.121133392753 0.5
411 0.297697017509 -0.185213792176 0.5
412 0.394463304505 -0.235700559562 0.5
413 0.332512623643 -0.245317023053 0.5
414 0.362645364809 -0.287153381928 0.5
415 0.261339594151 -0.249981462591 0.5
416 0.186575370781 -0.25045205806 0.5
417 0.223828945483 -0.314893624164 0.5
418 0.187086338062 -0.387045132228 0.5
419 0.109859972853 -0.378146215734 0.5
420 0.13401923159 -0.432071768608 0.5
421 0.255411655178 -0.369043630904 0.5
422 0.42243348479 -0.182120538376 0.5
423 0.405090339628 -0.124132639638 0.5
424 -0.404436368805 0.137158309763 0.5
425 -0.437765238821 0.0763238629085 0.5
426 -0.335012248123 0.00837320555988 0.5
427 -0.405569837709 0.0104618372442 0.5
428 -0.371900711203 -0.0563551024693 0.5
429 -0.459455336272 0.0202612899606 0.5
430 -0.261087220008 -0.121140291132 0.5
431 -0.334668021277 -0.121311359137 0.5
432 -0.297651715132 -0.185156010448 0.5
433 -0.186583186421 -0.250486922142 0.5
434 -0.261444672573 -0.250100243893 0.5
435 -0.223840984043 -0.314908958367 0.5
436 -0.332678261711 -0.245420842752 0.5
437 -0.394344838567 -0.235563760423 0.5
438 -0.362656461412 -0.287152252369 0.5
439 -0.109873927723 -0.378098877062 0.5
440 -0.187047608908 -0.38701176512 0.5
441 -0.134013509147 -0.432054941604 0.5
442 -0.255402216391 -0.369035054286 0.5
443 -0.422418986231 -0.182102706447 0.5
444 -0.405092642668 -0.124132331242 0.5
445 8.93060540878e-07 -0.43887348029 0.5
446 -0.0368262140661 -0.377615925738 0.5
447 -0.074320766968 -0.314645716279 0.5
448 0.0368591820056 -0.377539292194 0.5
449 0.0743250067241 -0.314646885836 0.5
450 -0.111886695195 -0.250435253478 0.5
451 -0.149229819366 -0.185758355629 0.5
452 -0.186527561402 -0.121125497104 0.5
453 -0.22380713654 -0.0565148943641 0.5
454 -0.111914556301 -0.12112219867 0.5
455 -0.0373042658393 -0.121118296807 0.5
456 -0.0746082191599 -0.0565059950424 0.5
457 0.111888181303 -0.250432536604 0.5
458 0.149233645301 -0.185758691859 0.5
459 0.0373042457482 -0.121118123799 0.5
460 0.111915523259 -0.121122399962 0.5
461 0.0746082861561 -0.0565059975256 0.5
462 0.186524946528 -0.121128712802 0.5
463 0.223799769903 -0.0565139843805 0.5
464 2.07297992123e-07 -0.18572925246 0.5
465 0.0372725352069 -0.250288043229 0.5
466 -0.0372740227442 -0.250283076724 0.5
467 -0.261024165293 0.00812958869571 0.5
468 -0.298066837694 0.0727937419123 0.5
469 -0.334649875383 0.136890859643 0.5
470 -0.369201969116 0.196435414692 0.5
471 -0.261104654523 0.137257775044 0.5
472 -0.186534527428 0.137324356594 0.5
473 -0.223996020406 0.201887134372 0.5
474 -0.400882036027 0.23381950638 0.5
475 -0.186450438595 0.266304761813 0.5
476 -0.111881065147 0.266442991071 0.5
477 -0.14900757369 0.330768563684 0.5
478 -0.253881786969 0.377647617024 0.5
479 -0.186650744335 0.396491883566 0.5
480 -0.109618513634 0.390945009441 0.5
481 -0.0367678241737 0.391308069779 0.5
482 -0.293693539408 0.329219779169 0.5
483 -0.261518069915 0.26612800451 0.5
484 -0.343278411622 0.265321907286 0.5
485 0.261001561263 0.00813937835462 0.5
486 0.298045345353 0.072798495601 0.5
487 0.186537667848 0.137329306375 0.5
488 0.261161837356 0.137268185441 0.5
489 0.223986729721 0.201887336906 0.5
490 0.334649281336 0.13688006947 0.5
491 0.369203159118 0.196432664982 0.5
492 0.111885253822 0.26645886245 0.5
493 0.186430875909 0.266292115967 0.5
494 0.148994057596 0.330753823958 0.5
495 0.0368924811035 0.391320580681 0.5
496 0.109664523769 0.390865205724 0.5
497 0.186625640951 0.39643351881 0.5
498 0.253783216576 0.377486018245 0.5
499 0.400884232312 0.233818454571 0.5
500 0.293670102615 0.329200150256 0.5
501 0.343275978943 0.265353635421 0.5
502 0.26150561147 0.265946786881 0.5
503 1.46194318251e-05 0.329982637523 0.5
504 0.0372818482424 0.266336070016 0.5
505 0.0746043575515 0.201909003762 0.5
506 -0.0372803022906 0.266315600581 0.5
507 -0.0746041514209 0.201905363202 0.5
508 0.11191436004 0.137326416782 0.5
509 0.14921638352 0.0727183341089 0.5
510 0.186503340705 0.00810900577955 0.5
511 0.111910221686 0.00810676294634 0.5
512 0.0373037526091 0.00810677701476 0.5
513 -0.111914588495 0.137325728771 0.5
514 -0.149216884385 0.0727180042618 0.5
515 -0.0373038817121 0.00810677772895 0.5
516 -0.111911880573 0.00810648056431 0.5
517 -0.18650727573 0.00810800102119 0.5
518 -2.58761216956e-08 0.0727188908498 0.5
519 -0.0373037945856 0.137325704695 0.5
520 0.0373038036244 0.137325625364 0.5
521 -0.298294998139 -0.0565479991024 0.25
522 0.298300209155 -0.0565482344781 0.25
523 -3.23209854946e-06 0.448198716286 0.25
524 0.149228362978 0.201932710668 0.25
525 0.423656406734 0.189097457747 0.25
526 -0.42365520889 0.18909799279 0.25
527 -0.149232067111 0.201934053402 0.25
528 -0.149162931472 -0.315864873058 0.25
529 0.149164593669 -0.315861178073 0.25
530 7.91602928636e-09 -0.0565052105135 0.25
531 0.134162338005 0.440198333269 0.25
532 -0.134172657887 0.440213060726 0.25
533 0.370925150259 0.0733629021145 0.25
534 0.446585632218 -0.0538274092454 0.25
535 0.367755186485 -0.183692047857 0.25
536 0.223910346766 -0.185758591359 0.25
537 0.302414504895 -0.315659502825 0.25
538 0.0724199174075 -0.436933948891 0.25
539 -0.370879378291 0.0733856498648 0.25
540 -0.4465734582 -0.0538214336506 0.25
541 -0.223883145243 -0.18572721736 0.25
542 -0.367739109821 -0.183681904504 0.25
543 -0.302377039675 -0.31561581761 0.25
544 -0.0724132168012 -0.436930163961 0.25
545 8.92855488196e-07 -0.314657146103 0.25
546 -0.074609022874 -0.185735747219 0.25
547 -0.14921747066 -0.0565069254126 0.25
548 0.0746101140104 -0.185736418106 0.25
549 0.149217348233 -0.0565070090994 0.25
550 -0.223819370957 0.0727214628679 0.25
551 -0.299287722047 0.201521825481 0.25
552 -0.222549707692 0.329050843602 0.25
553 -0.0744027985621 0.330431708489 0.25
554 0.223813504364 0.0727190977497 0.25
555 0.299273001268 0.201517671468 0.25
556 0.0744001517128 0.330434745099 0.25
557 0.22252572263 0.329032050363 0.25
558 1.49274165726e-07 0.201933712635 0.25
559 0.0746076314443 0.0727189377447 0.25
560 -0.0746077353338 0.0727189511002 0.25
561 0.0722925067339 0.445546061618 0.25
562 -0.0722974271586 0.445542682277 0.25
563 0.404445227994 0.137153786352 0.25
564 0.437792415969 0.0763105507837 0.25
565 0.459665305296 0.0201650531133 0.25
566 0.405339019995 0.0105765055564 0.25
567 0.334836333287 0.0084540302837 0.25
568 0.371843874634 -0.0563276029507 0.25
569 0.334672997696 -0.121313148102 0.25
570 0.261026065243 -0.121133392753 0.25
571 0.297697017509 -0.185213792176 0.25
572 0.394463304505 -0.235700559562 0.25
573 0.332512623643 -0.245317023053 0.25
574 0.362645364809 -0.287153381928 0.25
575 0.261339594151 -0.249981462591 0.25
576 0.186575370781 -0.25045205806 0.25
577 0.223828945483 -0.314893624164 0.25
578 0.187086338062 -0.387045132228 0.25
579 0.109859972853 -0.378146215734 0.25
580 0.13401923159 -0.432071768608 0.25
581 0.255411655178 -0.369043630904 0.25
582 0.42243348479 -0.182120538376 0.25
583 0.405090339628 -0.124132639638 0.25
584 -0.404436368805 0.137158309763 0.25
585 -0.437765238821 0.0763238629085 0.25
586 -0.335012248123 0.00837320555988 0.25
587 -0.405569837709 0.0104618372442 0.25
588 -0.371900711203 -0.0563551024693 0.25
589 -0.459455336272 0.0202612899606 0.25
590 -0.261087220008 -0.121140291132 0.25
591 -0.334668021277 -0.121311359137 0.25
592 -0.297651715132 -0.185156010448 0.25
593 -0.186583186421 -0.250486922142 0.25
594 -0.261444672573 -0.250100243893 0.25
595 -0.223840984043 -0.314908958367 0.25
596 -0.332678261711 -0.245420842752 0.25
597 -0.394344838567 -0.235563760423 0.25
598 -0.362656461412 -0.287152252369 0.25
599 -0.109873927723 -0.378098877062 0.25
600 -0.187047608908 -0.38701176512 0.25
601 -0.134013509147 -0.432054941604 0.25
602 -0.255402216391 -0.369035054286 0.25
603 -0.422418986231 -0.182102706447 0.25
604 -0.405092642668 -0.124132331242 0.25
605 8.93060540878e-07 -0.43887348029 0.25
606 -0.0368262140661 -0.377615925738 0.25
607 -0.074320766968 -0.314645716279 0.25
608 0.0368591820056 -0.377539292194 0.25
609 0.0743250067241 -0.314646885836 0.25
610 -0.111886695195 -0.250435253478 0.25
611 -0.149229819366 -0.185758355629 0.25
612 -0.186527561402 -0.121125497104 0.25
613 -0.22380713654 -0.0565148943641 0.25
614 -0.111914556301 -0.12112219867 0.25
615 -0.0373042658393 -0.121118296807 0.25
616 -0.0746082191599 -0.0565059950424 0.25
617 0.111888181303 -0.250432536604 0.25
618 0.149233645301 -0.185758691859 0.25
619 0.0373042457482 -0.121118123799 0.25
620 0.111915523259 -0.121122399962 0.25
621 0.0746082861561 -0.0565059975256 0.25
622 0.186524946528 -0.121128712802 0.25
623 0.223799769903 -0.0565139843805 0.25
624 2.07297992123e-07 -0.18572925246 0.25
625 0.0372725352069 -0.250288043229 0.25
626 -0.0372740227442 -0.250283076724 0.25
627 -0.261024165293 0.00812958869571 0.25
628 -0.298066837694 0.0727937419123 0.25
629 -0.334649875383 0.136890859643 0.25
630 -0.369201969116 0.196435414692 0.25
631 -0.261104654523 0.137257775044 0.25
632 -0.186534527428 0.137324356594 0.25
633 -0.223996020406 0.201887134372 0.25
634 -0.400882036027 0.23381950638 0.25
635 -0.186450438595 0.266304761813 0.25
636 -0.111881065147 0.266442991071 0.25
637 -0.14900757369 0.330768563684 0.25
638 -0.253881786969 0.377647617024 0.25
639 -0.186650744335 0.396491883566 0.25
640 -0.109618513634 0.390945009441 0.25
641 -0.0367678241737 0.391308069779 0.25
642 -0.293693539408 0.329219779169 0.25
643 -0.261518069915 0.26612800451 0.25
644 -0.343278411622 0.265321907286 0.25
645 0.261001561263 0.00813937835462 0.25
646 0.298045345353 0.072798495601 0.25
647 0.186537667848 0.137329306375 0.25
648 0.261161837356 0.137268185441 0.25
649 0.223986729721 0.201887336906 0.25
650 0.334649281336 0.13688006947 0.25
651 0.369203159118 0.196432664982 0.25
652 0.111885253822 0.26645886245 0.25
653 0.186430875909 0.266292115967 0.25
654 0.148994057596 0.330753823958 0.25
655 0.0368924811035 0.391320580681 0.25
656 0.109664523769 0.390865205724 0.25
657 0.186625640951 0.39643351881 0.25
658 0.253783216576 0.377486018245 0.25
659 0.400884232312 0.233818454571 0.25
660 0.293670102615 0.329200150256 0.25
661 0.343275978943 0.265353635421 0.25
662 0.26150561147 0.265946786881 0.25
663 1.46194318251e-05 0.329982637523 0.25
664 0.0372818482424 0.266336070016 0.25
665 0.0746043575515 0.201909003762 0.25
666 -0.0372803022906 0.266315600581 0.25
667 -0.0746041514209 0.201905363202 0.25
668 0.11191436004 0.137326416782 0.25
669 0.14921638352 0.0727183341089 0.25
670 0.186503340705 0.00810900577955 0.25
671 0.111910221686 0.00810676294634 0.25
672 0.0373037526091 0.00810677701476 0.25
673 -0.111914588495 0.137325728771 0.25
674 -0.149216884385 0.0727180042618 0.25
675 -0.0373038817121 0.00810677772895 0.25
676 -0.111911880573 0.00810648056431 0.25
677 -0.18650727573 0.00810800102119 0.25
678 -2.58761216956e-08 0.0727188908498 0.25
679 -0.0373037945856 0.137325704695 0.25
680 0.0373038036244 0.137325625364 0.25
681 0.373460019957 -0.093339533084 0.401772581271
682 0.415955809216 -0.136887124736 0.443610902934
683 0.359599715045 0.0473202425794 0.389547319315
684 0.383383682846 0.0279300702916 0.317436743788
685 0.181879560961 0.0922215976132 0.359320523824
686 0.431554043383 -0.0295051985701 0.37662616312
687 0.371663616131 -0.0239558389389 0.430374367948
688 0.327555404444 -0.15384853312 0.421111677389
689 0.178255658945 -0.0782859143307 0.41691483452
690 0.219248001871 -0.133139876868 0.442186273508
691 0.214440303206 -0.228576336863 0.410890818907
692 0.404323766542 -0.129937125233 0.311443440548
693 0.323131929077 -0.0318759375956 0.342439359127
694 0.300682280641 0.0516312048416 0.318749781664
695 0.223771025889 0.0328261854599 0.355120480669
696 0.0458443119244 0.0548967969424 0.425693733533
697 0.21791238024 0.268742429923 0.421689124429
698 0.41655803997 0.126418632956 0.307189792319
699 0.294194397101 0.0362477415552 0.425819730766
700 0.369554814445 0.119191197302 0.422054599752
701 0.308378254473 -0.0639793615593 0.431210871585
702 0.440064311805 -0.111558755754 0.37559216246
703 0.319667564387 -0.121389168449 0.321665967423
704 0.445840330217 -0.0499200929925 0.305373233957
705 -0.0290703983419 -0.115924020216 0.434210491113
706 -0.0118867095752 -0.218546168591 0.410954220805
707 0.321296041712 -0.209533691654 0.328612488182
708 -0.214747507784 -0.234252855919 0.420798591988
709 0.239084093337 -0.298165739505 0.436740115635
710 0.294802383835 -0.22011754989 0.431270135774
711 0.136428281552 -0.387427419551 0.391711044112
712 0.0616458805189 -0.327904477678 0.417206143109
713 0.312449128655 -0.304214525417 0.388782191559
714 0.127033017161 -0.278342682003 0.431211273129
715 0.26858842316 -0.307263707679 0.323437128862
716 0.371594206869 -0.244032059852 0.384767806864
717 -0.0628552055437 -0.370916969313 0.393890522001
718 0.0734731669167 -0.362564916142 0.310328779059
719 0.139524080474 -0.40467377601 0.322445841162
720 0.262089000426 -0.371794830935 0.453378015437
721 0.236561911845 -0.367105686444 0.347278971516
722 0.162666531148 -0.300166572935 0.338997806548
723 0.0731772992508 -0.296178634228 0.306478279333
724 0.152401988074 -0.209031699126 0.317489833788
725 0.243570021684 -0.222020450843 0.327412439752
726 0.231503997942 -0.134863186879 0.353633984715
727 0.341125364026 -0.282679732832 0.317148566804
728 0.381787272646 -0.22353822118 0.311796904644
729 -0.0114331888195 -0.313174284276 0.331342761974
730 0.411114693993 -0.175533864775 0.37661848605
731 0.336094854407 -0.288301583477 0.449924400795
732 0.380808726853 -0.225009182074 0.444550543575
733 0.432941065528 -0.0673846631921 0.443322832194
734 0.454672511758 -0.0131364193796 0.442917938983
735 -0.349346968204 -0.0398609257355 0.347703261648
736 -0.33325880176 0.0903506269564 0.377818461333
737 -0.153966823809 -0.324694920062 0.42991592251
738 -0.164231750716 -0.0729360325305 0.401828781734
739 -0.124796513804 -0.399837279012 0.30913685223
740 -0.0398343754839 -0.296395790101 0.433870770379
741 -0.086506780679 -0.432458421107 0.447399979999
742 -0.0211805682552 -0.451336161787 0.405838866082
743 -0.0915130259721 -0.441416715448 0.373394110747
744 -0.163961647871 0.0948168854499 0.398103441616
745 -0.211510761604 0.259478829383 0.413146399586
746 -0.255954434371 -0.303252580336 0.341825465519
747 0.0496857483686 -0.425974722405 0.370410265154
748 -0.112242117255 -0.291005950427 0.337982497721
749 -0.0414141729397 -0.215843954231 0.318995728626
750 0.0628400219465 -0.21717777548 0.432111076527
751 -0.0793239491158 -0.452986618456 0.293966397852
752 -0.0163213899981 -0.457439740076 0.294346493268
753 0.00569813893385 -0.392502300153 0.305636664582
754 -0.0198111165633 -0.446913117693 0.345980346342
755 0.0509515819924 -0.445216496652 0.302870932314
756 -0.175676665293 -0.385537579581 0.352765806617
757 -0.232098224519 -0.202129477027 0.319739112194
758 -0.326265819007 -0.252348851984 0.373046677666
759 -0.0566881597151 -0.393987425046 0.303705467097
760 -0.303646584826 -0.129873647437 0.332569243099
761 -0.345184916372 -0.120634184656 0.429859809999
762 -0.381990900252 -0.0271929685308 0.438086294061
763 -0.374874249514 0.0333214677087 0.413095874358
764 -0.380746909766 -0.0951130454509 0.313389622679
765 -0.392375754654 -0.21374571081 0.439379379478
766 -0.3974667785 -0.172759051262 0.385547549969
767 -0.365870833101 0.0412307686702 0.319976144462
768 -0.427625188557 -0.152609402138 0.452372802359
769 -0.436450687639 -0.104972613845 0.370355080993
770 -0.43537273267 -0.124559651491 0.293992104164
771 -0.394994225512 -0.187613439826 0.316824601969
772 -0.13632285019 -0.192425004554 0.332521929972
773 -0.207550336715 -0.120913940273 0.307847478138
774 -0.246266680768 -0.376360925437 0.319485793
775 -0.222349495183 -0.384124486485 0.419573882329
776 -0.106428604299 -0.214920684538 0.421473375868
777 -0.21782981909 -0.128788834748 0.411690893291
778 -0.279527268063 -0.334556456191 0.425938590287
779 0.0200464848295 -0.452891954025 0.455317079385
780 0.00246989132285 -0.382081980789 0.437592760912
781 0.172421892015 -0.416945633514 0.434559486809
782 0.202092005279 -0.367903838533 0.435996737228
783 0.0942037443227 -0.43393047107 0.433441508735
784 0.0138738623441 0.261082396053 0.390065516264
785 -0.273490328266 0.220628412655 0.432187776883
786 -0.317985647746 0.268021958324 0.332988562171
787 -0.372134585264 0.10495454286 0.435159505977
788 -0.413490621757 0.174557968561 0.437959077023
789 -0.286142087886 0.133339956257 0.420459216702
790 -0.208157332858 0.140702150641 0.431183615916
791 -0.384477100512 0.110998541073 0.343824107561
792 -0.437821354473 0.122399366328 0.46290363312
793 -0.356890234534 0.174487700709 0.396120790806
794 -0.112434757953 0.226467511222 0.427791907084
795 -0.242792549495 0.353531087644 0.432733468465
796 -0.230383514452 0.204864732021 0.3412552759
797 -0.308724602234 0.307411083857 0.405871808592
798 -0.140031884949 0.320321445751 0.375135753525
799 -0.235499700488 0.319631097536 0.313642826482
800 -0.370853743508 0.249744930238 0.429492781603
801 -0.447039508618 0.111419852799 0.342371284498
802 -0.297687344348 0.121357288901 0.321673355828
803 -0.293601142228 0.0298863863365 0.337064610274
804 -0.444349103659 0.0546332049364 0.35519004219
805 -0.438796655532 0.114850556342 0.404775423505
806 -0.435951494965 0.0511675240596 0.303305893544
807 -0.439504225162 0.118964090873 0.294197793963
808 -0.139011218566 0.40273715437 0.322839915655
809 -0.0416454106885 0.338650298748 0.33811505303
810 -0.369672162353 0.221874831234 0.316233682396
811 -0.131196092846 0.22863124876 0.334632291933
812 -0.199703608664 0.134836406714 0.322812073008
813 -0.416817695131 0.174916377765 0.314668581425
814 0.0658879685439 0.379692928792 0.398691066332
815 -0.00943771773713 0.389673883969 0.434986362033
816 -0.0840346520514 0.385356448456 0.435049279099
817 -0.0364423095342 0.30072399708 0.417385061791
818 -0.151046669795 0.425070164349 0.455245371334
819 -0.150478634975 0.413024000326 0.397768490442
820 0.134023119256 0.403977714221 0.321626403402
821 -0.0850717791339 0.453692861832 0.45135502335
822 -0.0109821051408 0.44161171599 0.364431297285
823 -0.0639850092646 0.442859955437 0.390142831624
824 -0.230084999828 0.383508579928 0.347119858325
825 0.0506234494687 0.448767847555 0.317986598893
826 0.0424271958466 0.299240534018 0.328314082721
827 0.0625906420352 0.296114671357 0.427896404525
828 -0.063106767341 0.434514168291 0.310974879862
829 -0.00863137334033 0.461422050195 0.29419635303
830 0.0153988094155 0.385905214215 0.309730252126
831 0.282905095363 0.319849851971 0.406602704312
832 0.336129047583 0.224704251153 0.418322889352
833 0.144888968546 0.330742310823 0.428960172824
834 0.214840611749 0.137846058412 0.425548557448
835 0.256557275937 0.33571594756 0.31880300717
836 0.219323794127 0.375146861498 0.384405146443
837 0.31967933089 0.211952606381 0.32218866101
838 0.341173557686 0.120089483594 0.312794509317
839 0.298822230086 0.132273636365 0.397899727112
840 0.344351128191 0.295111357464 0.434640883515
841 0.148638661273 0.305816946393 0.335151133355
842 0.116845923796 0.219996273078 0.316623597337
843 0.216363693723 0.391940819634 0.313634211209
844 0.231147817481 0.218381737323 0.330556291937
845 0.224924145622 0.126357322174 0.314414543502
846 0.339451458581 0.294599374395 0.317499485088
847 0.456189516786 0.0426959465752 0.426753713957
848 0.409202686164 0.0364885769536 0.448012682328
849 0.440780106054 0.0671970637277 0.375058549434
850 0.437512630408 0.0645397021604 0.302162938396
851 0.456667254003 0.0200476328974 0.317216918747
852 0.408456554654 0.184297225467 0.332465210102
853 0.441707908123 0.111663623875 0.449349717688
854 0.417429645205 0.176979824967 0.402176518274
855 0.417773575926 0.195443202322 0.456530901376
856 0.206905375729 0.386737793869 0.442137996881
857 0.0337180151176 0.453057436673 0.404120281701
858 0.0403930235825 0.45184675235 0.454309425239
859 -0.0269307830234 0.451346974647 0.447916198995
860 0.162428643887 0.418228799722 0.398778092324
861 -0.26291216356 -0.0475688928542 0.323463241437
862 -0.449140721425 -0.0576339080374 0.315116141432
863 -0.430890753791 -0.0160388149166 0.351857165447
864 -0.452076425281 0.002249742289 0.400665240819
865 -0.290800791142 -0.0414956385329 0.423151788257
866 -0.437586559538 -0.07070122945 0.429322419459
867 -0.452577727741 -0.00367343073597 0.293106801654
868 -0.399721344778 -0.0197049937413 0.297499430047
869 -0.442998915986 0.0626030630897 0.457616779711
870 -0.276682556206 0.049952357173 0.422151431657
871 -0.200418578008 0.0452819032877 0.436607511368
872 -0.440416306176 0.0592887573233 0.407510729194
873 -0.452367389242 0.00525149522217 0.452241821088
874 0.218006638775 0.0421113373281 0.441959639814
875 0.231857057307 -0.0404672025202 0.428178196311
876 0.136456791131 -0.0206969308612 0.429448936976
877 0.226525253964 -0.0579298076469 0.306078359688
878 0.127827998136 -0.118337552217 0.428333600957
879 0.131659086519 -0.199359599145 0.412332324738
880 -0.21897191628 -0.0215228243921 0.416601233309
881 -0.118778836325 -0.121324753627 0.427745031425
882 -0.118703157933 -0.0262921706778 0.39830535674
883 -0.132668504658 -0.110964897032 0.319039883126
884 -0.187584462941 -0.038497309572 0.325665742342
885 -0.0299360848966 -0.000448572121384 0.424320227378
886 -0.114589591236 0.0510746179321 0.414579569105
887 -0.107004420509 -0.0274333941351 0.306602117124
888 -0.206608400972 0.0506157715364 0.34572892746
889 0.0577315544615 -0.137952929305 0.44073518217
890 -0.0461485157905 -0.116068305674 0.327820822772
891 0.048295603751 -0.0476821287849 0.426742775625
892 0.059885767271 -0.141470056536 0.340795110927
893 -0.0288485252829 -0.0232749286416 0.316597700272
894 0.0352463308841 -0.0528801893867 0.327109907782
895 -0.0376333375291 0.132367846002 0.427716983412
896 -0.0473760761877 0.0516252166469 0.33249897241
897 0.146148959878 -0.128535565725 0.31340946156
898 0.065348015534 -0.234681732142 0.338237295611
899 0.13531248232 0.0615973909826 0.411030286273
900 0.141436837641 -0.0414919895803 0.341209793591
901 0.0384187000745 0.140121184327 0.447679012904
902 0.0571771280544 0.0274356699813 0.340891151741
903 0.117138743795 0.139022177404 0.435531109551
904 0.146670085428 0.0515164973971 0.316805166173
905 -0.119952297467 0.143384366911 0.412943237815
906 -0.125058621172 0.12164943572 0.316950132899
907 -0.00632901028693 0.218840834814 0.435379056539
908 0.0694974033716 0.218441890431 0.397985098252
909 -0.0325839633716 0.222886264075 0.342448146001
910 0.151895527623 0.227455265132 0.42085083933
911 0.116595497593 0.430087184186 0.439157662014
912 0.040015487834 0.2286611011 0.305241025409
913 0.0461376379041 0.135449559571 0.337528363908
914 0.141509212186 0.140715845044 0.333007928968
915 -0.0432208814474 0.139294183953 0.310039958309
916 -0.131705257933 0.0378374123251 0.316548542052
917 0.127245938238 -0.45032588401 0.287357023806
918 -0.330202774301 -0.345840337364 0.270655351571
919 0.209275642848 -0.413932977704 0.290302620692
920 0.416530302742 0.250912601265 0.48323518046
921 -0.268365717236 -0.385785321758 0.464263750687
922 0.455199842928 0.104739492112 0.277851607243
923 0.257377024369 0.396614030388 0.274875772262
924 -0.316676618846 -0.353485695869 0.473284150859
925 -0.471696088955 -0.0355660117021 0.280967902684
926 -0.319940131619 0.342081185246 0.456904332975
927 -0.058279633545 0.467461015112 0.27444856629
928 -0.474027072589 0.0357319701761 0.47777957225
929 -0.259638304852 0.393168017154 0.462763796988
930 -0.14256679702 -0.459023244706 0.477425701355
931 0.47022533161 0.0403485272187 0.471735655619
932 0.412160301849 -0.223725228095 0.275174958633
933 -0.463697882309 0.0819321244586 0.278865249827
934 0.298899387067 -0.353076596996 0.287168685993
935 0.382111562523 -0.267491789701 0.474392119771
936 -0.393719790369 -0.254402253528 0.473584228771
937 0.443324589258 0.164451858054 0.271977216928
938 0.127386227706 0.4504400021 0.289107580381
939 -0.192718732196 0.427059432517 0.285915242519
940 0.0900992391378 -0.460993999624 0.475164865187
941 0.200551420692 -0.417988191698 0.474410922636
942 0.454299700542 -0.10112017785 0.281016206319
943 -0.139671715621 -0.447286990368 0.286801625312
944 -0.41510723808 0.220683989554 0.282449241659
945 -0.324856682565 0.334110964494 0.287759975931
946 0.455423584046 -0.0981213093789 0.468645082103
947 -0.441556491005 0.175502511388 0.275987828038
948 0.313320957346 -0.335621147346 0.45615072272
949 0.223704401666 0.412975694904 0.476584738345
950 0.141349850014 0.455555873629 0.475457908317
951 0.147410137268 -0.450076765192 0.466430371491
952 0.426562567942 -0.19489857739 0.457069016001
953 -0.457647716696 -0.0915297931561 0.472291054372
954 0.394667673956 0.277295812462 0.270581709822
955 0.00368103227509 0.472965357565 0.477883373842
956 0.312250422058 0.348463854423 0.4578734664
957 -0.404137472446 -0.245969126081 0.281655152512
958 -0.250417661137 -0.398041873593 0.275076281617
959 0.374093817774 0.267899242427 0.467114329545
960 -0.35152961451 0.29988111932 0.471510490909
961 -0.366754111447 -0.302938285967 0.475455263929
962 -0.104357020592 0.450837510015 0.286815816128
963 -0.379595495558 -0.301860000442 0.267151569685
964 0.17150368487 0.42747803103 0.279899789934
965 0.29792776081 0.356603169642 0.281306008534
966 -0.433093259688 -0.19283949364 0.276329380796
967 0.348848559952 -0.317555666269 0.289045346624
968 -0.241552063146 0.400967684458 0.284253291508
969 -0.371483427265 0.275488740628 0.286060904598
970 0.169975602268 0.425787721993 0.472601539526
971 0.469753914848 0.0543553085375 0.278936262878
972 -0.218408626194 0.413335326625 0.468957357706
973 0.442782168005 -0.155244366388 0.278479079723
974 -0.285839007632 0.365934361451 0.474655601558
975 0.0861649094302 -0.466322625335 0.277541159507
976 0.212503672267 0.418958682192 0.272785106302
977 0.415226130788 -0.230556448142 0.477705879226
978 -0.210505304123 -0.424524294236 0.474041827803
979 0.257249931473 -0.394621099623 0.288574083198
980 -0.440626561869 0.175997185765 0.474025411014
981 0.266783411988 0.370488737459 0.464684856327
982 0.0862454649937 0.467390347261 0.280221009687
983 0.468513352708 -0.0537779459552 0.469102452097
984 0.383210976607 -0.268447156923 0.281846568
985 0.0944333482271 0.46297302582 0.470013158641
986 -0.469651103376 -0.0356301912673 0.466842578238
987 -0.184350708408 -0.417849828129 0.289402195128
988 0.166541726225 -0.432654838843 0.290805085824
989 -0.466514211712 -0.0813597684571 0.282094139998
990 -0.288258099992 -0.370163231074 0.2770966392
991 -0.471467617288 0.0339435990694 0.277625944039
992 -0.150007586075 0.442465765736 0.285673641568
993 0.428714710609 0.223826075704 0.273841732479
994 -0.278807777822 0.371516236309 0.294082180242
995 -0.414718831147 0.219492276718 0.465166961216
996 0.424114110375 -0.1911931283 0.299339753427
