NODES_PER_ELEMENT
1 4
2 4
3 4
4 4
5 4
6 4
7 4
8 4
9 4
10 4
11 4
12 4
13 4
14 4
15 4
16 4
17 4
18 4
19 4
20 4
21 4
22 4
23 4
24 4
25 4
26 4
27 4
28 4
29 4
30 4
31 4
32 4
33 4
34 4
35 4
36 4
37 4
38 4
39 4
40 4
41 4
42 4
43 4
44 4
45 4
46 4
47 4
48 4
49 4
50 4
51 4
52 4
53 4
54 4
55 4
56 4
57 4
58 4
59 4
60 4
61 4
62 4
63 4
64 4
65 4
66 4
67 4
68 4
69 4
70 4
71 4
72 4
73 4
74 4
75 4
76 4
77 4
78 4
79 4
80 4
81 4
82 4
83 4
84 4
85 4
86 4
87 4
88 4
89 4
90 4
91 4
92 4
93 4
94 4
95 4
96 4
97 4
98 4
99 4
100 4
101 4
102 4
103 4
104 4
105 4
106 4
107 4
108 4
109 4
110 4
111 4
112 4
113 4
114 4
115 4
116 4
117 4
118 4
119 4
120 4
121 4
122 4
123 4
124 4
125 4
126 4
127 4
128 4
129 4
130 4
131 4
132 4
133 4
134 4
135 4
136 4
137 4
138 4
139 4
140 4
141 4
142 4
143 4
144 4
145 4
146 4
147 4
148 4
149 4
150 4
151 4
152 4
153 4
154 4
155 4
156 4
157 4
158 4
159 4
160 4
161 4
162 4
163 4
164 4
165 4
166 4
167 4
168 4
169 4
170 4
171 4
172 4
173 4
174 4
175 4
176 4
177 4
178 4
179 4
180 4
181 4
182 4
183 4
184 4
185 4
186 4
187 4
188 4
189 4
190 4
191 4
192 4
193 4
194 4
195 4
196 4
197 4
198 4
199 4
200 4
201 4
202 4
203 4
204 4
205 4
206 4
207 4
208 4
209 4
210 4
211 4
212 4
213 4
214 4
215 4
216 4
217 4
218 4
219 4
220 4
221 4
222 4
223 4
224 4
225 4
226 4
227 4
228 4
229 4
230 4
231 4
232 4
233 4
234 4
235 4
236 4
237 4
238 4
239 4
240 4
241 4
242 4
243 4
244 4
245 4
246 4
247 4
248 4
249 4
250 4
251 4
252 4
253 4
254 4
255 4
256 4
257 4
258 4
259 4
260 4
261 4
262 4
263 4
264 4
265 4
266 4
267 4
268 4
269 4
270 4
271 4
272 4
273 4
274 4
275 4
276 4
277 4
278 4
279 4
280 4
281 4
282 4
283 4
284 4
285 4
286 4
287 4
288 4
289 4
290 4
291 4
292 4
293 4
294 4
295 4
296 4
297 4
298 4
299 4
300 4
301 4
302 4
303 4
304 4
305 4
306 4
307 4
308 4
309 4
310 4
311 4
312 4
313 4
314 4
315 4
316 4
317 4
318 4
319 4
320 4
321 4
322 4
323 4
324 4
325 4
326 4
327 4
328 4
329 4
330 4
331 4
332 4
333 4
334 4
335 4
336 4
337 4
338 4
339 4
340 4
341 4
342 4
343 4
344 4
345 4
346 4
347 4
348 4
349 4
350 4
351 4
352 4
353 4
354 4
355 4
356 4
357 4
358 4
359 4
360 4
361 4
362 4
363 4
364 4
365 4
366 4
367 4
368 4
369 4
370 4
371 4
372 4
373 4
374 4
375 4
376 4
377 4
378 4
379 4
380 4
381 4
382 4
383 4
384 4
385 4
386 4
387 4
388 4
389 4
390 4
391 4
392 4
393 4
394 4
395 4
396 4
397 4
398 4
399 4
400 4
401 4
402 4
403 4
404 4
405 4
406 4
407 4
408 4
409 4
410 4
411 4
412 4
413 4
414 4
415 4
416 4
417 4
418 4
419 4
420 4
421 4
422 4
423 4
424 4
425 4
426 4
427 4
428 4
429 4
430 4
431 4
432 4
433 4
434 4
435 4
436 4
437 4
438 4
439 4
440 4
441 4
442 4
443 4
444 4
445 4
446 4
447 4
448 4
449 4
450 4
451 4
452 4
453 4
454 4
455 4
456 4
457 4
458 4
459 4
460 4
461 4
462 4
463 4
464 4
465 4
466 4
467 4
468 4
469 4
470 4
471 4
472 4
473 4
474 4
475 4
476 4
477 4
478 4
479 4
480 4
481 4
482 4
483 4
484 4
485 4
486 4
487 4
488 4
489 4
490 4
491 4
492 4
493 4
494 4
495 4
496 4
497 4
498 4
499 4
500 4
501 4
502 4
503 4
504 4
505 4
506 4
507 4
508 4
509 4
510 4
511 4
512 4
513 4
514 4
515 4
516 4
517 4
518 4
519 4
520 4
521 4
522 4
523 4
524 4
525 4
526 4
527 4
528 4
529 4
530 4
531 4
532 4
533 4
534 4
535 4
536 4
537 4
538 4
539 4
540 4
541 4
542 4
543 4
544 4
545 4
546 4
547 4
548 4
549 4
550 4
551 4
552 4
553 4
554 4
555 4
556 4
557 4
558 4
559 4
560 4
561 4
562 4
563 4
564 4
565 4
566 4
567 4
568 4
569 4
570 4
571 4
572 4
573 4
574 4
575 4
576 4
577 4
578 4
579 4
580 4
581 4
582 4
583 4
584 4
585 4
586 4
587 4
588 4
589 4
590 4
591 4
592 4
593 4
594 4
595 4
596 4
597 4
598 4
599 4
600 4
601 4
602 4
603 4
604 4
605 4
606 4
607 4
608 4
609 4
610 4
611 4
612 4
613 4
614 4
615 4
616 4
617 4
618 4
619 4
620 4
621 4
622 4
623 4
624 4
625 4
626 4
627 4
628 4
629 4
630 4
631 4
632 4
633 4
634 4
635 4
636 4
637 4
638 4
639 4
640 4
641 4
642 4
643 4
644 4
645 4
646 4
647 4
648 4
649 4
650 4
651 4
652 4
653 4
654 4
655 4
656 4
657 4
658 4
659 4
660 4
661 4
662 4
663 4
664 4
665 4
666 4
667 4
668 4
669 4
670 4
671 4
672 4
673 4
674 4
675 4
676 4
677 4
678 4
679 4
680 4
681 4
682 4
683 4
684 4
685 4
686 4
687 4
688 4
689 4
690 4
691 4
692 4
693 4
694 4
695 4
696 4
697 4
698 4
699 4
700 4
701 4
702 4
703 4
704 4
705 4
706 4
707 4
708 4
709 4
710 4
711 4
712 4
713 4
714 4
715 4
716 4
717 4
718 4
719 4
720 4
721 4
722 4
723 4
724 4
725 4
726 4
727 4
728 4
729 4
730 4
731 4
732 4
733 4
734 4
735 4
736 4
737 4
738 4
739 4
740 4
741 4
742 4
743 4
744 4
745 4
746 4
747 4
748 4
749 4
750 4
751 4
752 4
753 4
754 4
755 4
756 4
757 4
758 4
759 4
760 4
761 4
762 4
763 4
764 4
765 4
766 4
767 4
768 4
769 4
770 4
771 4
772 4
773 4
774 4
775 4
776 4
777 4
778 4
779 4
780 4
781 4
782 4
783 4
784 4
785 4
786 4
787 4
788 4
789 4
790 4
791 4
792 4
793 4
794 4
795 4
796 4
797 4
798 4
799 4
800 4
801 4
802 4
803 4
804 4
805 4
806 4
807 4
808 4
809 4
810 4
811 4
812 4
813 4
814 4
815 4
816 4
817 4
818 4
819 4
820 4
821 4
822 4
823 4
824 4
825 4
826 4
827 4
828 4
829 4
830 4
831 4
832 4
833 4
834 4
835 4
836 4
837 4
838 4
839 4
840 4
841 4
842 4
843 4
844 4
845 4
846 4
847 4
848 4
849 4
850 4
851 4
852 4
853 4
854 4
855 4
856 4
857 4
858 4
859 4
860 4
861 4
862 4
863 4
864 4
865 4
866 4
867 4
868 4
869 4
870 4
871 4
872 4
873 4
874 4
875 4
876 4
877 4
878 4
879 4
880 4
881 4
882 4
883 4
884 4
885 4
886 4
887 4
888 4
889 4
890 4
891 4
892 4
893 4
894 4
895 4
896 4
897 4
898 4
899 4
900 4
901 4
902 4
903 4
904 4
905 4
906 4
907 4
908 4
909 4
910 4
911 4
912 4
913 4
914 4
915 4
916 4
917 4
918 4
919 4
920 4
921 4
922 4
923 4
924 4
925 4
926 4
927 4
928 4
929 4
930 4
931 4
932 4
933 4
934 4
935 4
936 4
937 4
938 4
939 4
940 4
941 4
942 4
943 4
944 4
945 4
946 4
947 4
948 4
949 4
950 4
951 4
952 4
953 4
954 4
955 4
956 4
957 4
958 4
959 4
960 4
961 4
962 4
963 4
964 4
965 4
966 4
967 4
968 4
969 4
970 4
971 4
972 4
973 4
974 4
975 4
976 4
977 4
978 4
979 4
980 4
981 4
982 4
983 4
984 4
985 4
986 4
987 4
988 4
989 4
990 4
991 4
992 4
993 4
994 4
995 4
996 4
997 4
998 4
999 4
1000 4
1001 4
1002 4
1003 4
1004 4
1005 4
1006 4
1007 4
1008 4
1009 4
1010 4
1011 4
1012 4
1013 4
1014 4
1015 4
1016 4
1017 4
1018 4
1019 4
1020 4
1021 4
1022 4
1023 4
1024 4
1025 4
1026 4
1027 4
1028 4
1029 4
1030 4
1031 4
1032 4
1033 4
1034 4
1035 4
1036 4
1037 4
1038 4
1039 4
1040 4
1041 4
1042 4
1043 4
1044 4
1045 4
1046 4
1047 4
1048 4
1049 4
1050 4
1051 4
1052 4
1053 4
1054 4
1055 4
1056 4
1057 4
1058 4
1059 4
1060 4
1061 4
1062 4
1063 4
1064 4
1065 4
1066 4
1067 4
1068 4
1069 4
1070 4
1071 4
1072 4
1073 4
1074 4
1075 4
1076 4
1077 4
1078 4
1079 4
1080 4
1081 4
1082 4
1083 4
1084 4
1085 4
1086 4
1087 4
1088 4
1089 4
1090 4
1091 4
1092 4
1093 4
1094 4
1095 4
1096 4
1097 4
1098 4
1099 4
1100 4
1101 4
1102 4
1103 4
1104 4
1105 4
1106 4
1107 4
1108 4
1109 4
1110 4
1111 4
1112 4
1113 4
1114 4
1115 4
1116 4
1117 4
1118 4
1119 4
1120 4
1121 4
1122 4
1123 4
1124 4
1125 4
1126 4
1127 4
1128 4
1129 4
1130 4
1131 4
1132 4
1133 4
1134 4
1135 4
1136 4
1137 4
1138 4
1139 4
1140 4
1141 4
1142 4
1143 4
1144 4
1145 4
1146 4
1147 4
1148 4
1149 4
1150 4
1151 4
1152 4
1153 4
1154 4
1155 4
1156 4
1157 4
1158 4
1159 4
1160 4
1161 4
1162 4
1163 4
1164 4
1165 4
1166 4
1167 4
1168 4
END_NODES_PER_ELEMENT
ELEMENTS
1 319 345 191 65
2 272 294 309 330
3 288 279 276 235
4 269 78 109 143
5 268 336 80 303
6 267 272 201 294
7 189 187 330 309
8 287 270 79 323
9 111 92 272 309
10 269 202 296 253
11 270 287 203 295
12 276 273 216 252
13 281 92 99 329
14 277 278 280 112
15 87 282 314 280
16 280 286 277 82
17 269 109 302 143
18 288 269 296 253
19 140 110 80 336
20 276 115 84 96
21 96 288 279 276
22 284 281 213 92
23 205 288 276 235
24 156 306 324 157
25 345 191 65 1
26 112 280 277 82
27 296 288 253 310
28 37 319 247 5
29 267 272 273 248
30 188 187 189 309
31 272 273 284 72
32 189 330 291 309
33 92 281 291 329
34 271 268 255 251
35 270 287 295 323
36 288 302 109 326
37 277 280 278 220
38 209 267 301 273
39 273 77 96 84
40 252 205 276 235
41 276 84 115 275
42 268 255 204 234
43 131 268 80 303
44 276 216 192 252
45 269 324 306 340
46 273 85 128 301
47 279 209 301 273
48 267 272 342 81
49 268 234 204 297
50 79 287 323 108
51 95 273 275 84
52 267 272 294 342
53 288 269 133 109
54 37 339 247 319
55 232 201 272 294
56 129 112 277 82
57 295 270 317 203
58 283 255 268 234
59 269 78 133 109
60 156 328 324 306
61 191 29 345 342
62 247 267 201 294
63 281 88 271 313
64 283 255 271 268
65 299 46 312 158
66 244 269 202 296
67 283 268 131 303
68 141 111 81 342
69 142 79 323 108
70 29 345 1 191
71 269 306 324 328
72 268 297 204 318
73 286 220 280 277
74 275 216 238 192
75 294 191 319 342
76 277 287 278 89
77 350 340 244 316
78 284 273 275 95
79 269 348 124 343
80 271 131 268 127
81 276 274 205 225
82 268 344 122 336
83 269 253 249 202
84 85 279 301 273
85 263 295 317 203
86 270 341 121 323
87 283 327 303 91
88 156 299 324 328
89 209 267 273 248
90 284 219 273 272
91 277 274 276 225
92 268 255 251 204
93 270 278 126 314
94 284 219 272 213
95 345 342 304 319
96 278 270 250 314
97 269 328 324 299
98 272 342 309 294
99 283 282 311 327
100 350 44 244 340
101 277 93 276 274
102 298 270 106 314
103 316 269 296 343
104 279 209 273 226
105 184 191 294 342
106 172 179 318 336
107 280 282 314 236
108 250 280 314 236
109 288 274 276 73
110 318 268 297 336
111 283 91 282 327
112 273 85 114 128
113 288 205 276 274
114 312 277 198 274
115 287 270 278 79
116 210 46 312 299
117 289 271 284 113
118 267 273 128 301
119 143 269 124 343
120 283 268 271 131
121 267 209 227 248
122 121 142 79 323
123 122 140 80 336
124 111 342 272 81
125 135 95 275 84
126 284 76 281 92
127 123 141 81 342
128 277 93 274 103
129 287 203 278 270
130 106 270 126 314
131 120 272 284 72
132 211 250 314 236
133 281 92 76 99
134 270 230 250 331
135 274 193 205 225
136 96 288 276 73
137 272 120 92 132
138 105 267 128 301
139 285 236 282 280
140 95 120 284 72
141 272 128 267 273
142 269 78 125 133
143 289 237 284 271
144 268 80 127 131
145 272 256 232 213
146 284 281 200 213
147 282 280 87 102
148 112 277 278 89
149 284 120 76 92
150 274 269 328 125
151 274 269 299 328
152 285 280 282 102
153 272 111 132 92
154 310 279 290 326
155 286 220 277 217
156 311 282 292 327
157 288 205 274 193
158 241 279 209 320
159 274 93 73 103
160 273 95 284 72
161 280 278 250 314
162 265 244 202 296
163 270 121 79 323
164 284 219 238 216
165 269 124 78 143
166 245 263 317 203
167 280 278 220 194
168 266 247 201 294
169 268 122 80 336
170 282 314 116 87
171 240 282 211 321
172 284 273 219 216
173 320 279 334 290
174 279 85 301 119
175 286 217 277 276
176 282 98 327 91
177 287 278 130 79
178 286 220 217 257
179 289 286 275 258
180 281 224 200 213
181 314 282 335 321
182 334 320 147 301
183 289 113 284 83
184 279 326 90 101
185 123 345 342 304
186 204 297 264 318
187 280 112 278 70
188 273 77 84 114
189 284 271 281 113
190 289 286 258 285
191 170 314 335 321
192 285 282 75 102
193 93 96 276 73
194 289 286 134 275
195 284 237 281 271
196 278 254 220 194
197 285 282 283 91
198 273 196 272 219
199 350 44 6 244
200 270 331 298 307
201 299 274 328 312
202 338 318 246 347
203 267 144 301 304
204 181 268 318 344
205 268 180 332 300
206 24 300 305 107
207 338 58 347 246
208 289 134 286 285
209 273 196 226 209
210 196 209 273 248
211 285 75 282 91
212 287 130 108 79
213 158 299 328 312
214 272 219 256 213
215 130 112 278 89
216 277 214 287 315
217 315 277 198 312
218 329 189 291 309
219 287 277 315 293
220 285 282 236 199
221 69 276 115 275
222 273 128 114 72
223 272 196 273 248
224 218 289 258 285
225 293 277 312 74
226 351 155 316 154
227 58 246 8 347
228 179 318 352 178
229 167 166 317 349
230 287 130 278 89
231 289 271 113 71
232 289 284 237 207
233 281 313 329 117
234 282 87 75 102
235 231 296 253 310
236 165 287 308 163
237 325 165 287 315
238 281 313 117 88
239 278 70 126 280
240 286 192 275 258
241 272 232 256 201
242 242 281 208 322
243 287 254 278 203
244 280 194 236 250
245 16 17 169 298
246 121 270 16 341
247 270 16 169 298
248 179 352 318 344
249 86 274 328 125
250 286 192 276 275
251 314 278 126 280
252 41 310 153 151
253 278 70 112 130
254 281 183 313 322
255 286 275 276 69
256 135 69 115 275
257 272 72 120 132
258 274 269 249 299
259 62 291 189 330
260 177 55 311 175
261 165 287 315 293
262 273 226 216 252
263 274 93 276 73
264 285 283 97 91
265 341 317 337 349
266 161 44 350 340
267 181 344 318 352
268 148 155 316 343
269 272 111 81 132
270 280 102 70 87
271 272 219 196 256
272 271 255 195 251
273 210 312 198 274
274 224 281 242 291
275 285 97 75 91
276 273 272 128 72
277 89 277 293 74
278 159 165 315 293
279 271 281 313 322
280 339 145 319 37
281 267 247 339 319
282 286 285 134 94
283 278 250 270 203
284 279 209 226 197
285 225 210 198 274
286 287 254 203 233
287 2 186 68 344
288 186 344 352 68
289 186 181 352 344
290 12 312 118 293
291 13 164 165 308
292 286 192 258 257
293 289 285 97 134
294 278 270 126 79
295 348 351 66 155
296 186 352 185 68
297 186 181 185 352
298 288 133 90 109
299 290 41 310 153
300 27 188 189 309
301 267 294 319 342
302 316 269 348 340
303 289 83 284 275
304 99 281 329 117
305 272 267 128 81
306 280 278 194 250
307 280 82 112 70
308 277 276 217 225
309 43 296 148 316
310 283 271 255 195
311 181 352 318 185
312 57 297 172 318
313 277 276 93 286
314 279 223 197 212
315 269 328 104 306
316 270 230 307 203
317 299 269 229 324
318 106 270 298 136
319 328 312 86 11
320 39 241 209 320
321 284 200 219 213
322 177 55 292 311
323 276 205 217 225
324 333 267 227 339
325 105 267 301 304
326 268 228 338 204
327 137 24 305 107
328 174 341 169 173
329 122 344 305 23
330 269 340 316 244
331 181 23 305 344
332 284 200 281 237
333 289 113 83 71
334 223 279 241 290
335 272 267 201 248
336 282 236 199 211
337 289 271 195 237
338 282 222 199 215
339 286 206 280 220
340 177 311 292 327
341 13 89 293 100
342 284 113 281 76
343 286 206 220 257
344 221 239 315 198
345 278 126 130 79
346 277 112 129 74
347 147 320 334 290
348 327 20 91 98
349 222 282 240 292
350 206 218 258 285
351 283 255 234 215
352 326 34 90 101
353 275 69 134 135
354 53 240 211 321
355 313 25 117 88
356 100 89 293 74
357 267 105 128 81
358 268 204 251 228
359 289 283 285 243
360 116 18 87 314
361 286 206 258 285
362 269 124 306 78
363 270 169 337 307
364 66 348 3 162
365 270 136 121 16
366 273 72 84 95
367 92 99 329 27
368 271 127 71 131
369 285 236 280 206
370 276 192 205 252
371 270 230 203 250
372 276 115 96 93
373 285 97 134 94
374 81 123 342 304
375 161 66 162 348
376 161 157 348 162
377 268 122 305 80
378 40 223 241 290
379 60 242 208 322
380 301 85 32 119
381 268 80 107 127
382 289 275 284 207
383 281 271 88 113
384 286 134 275 69
385 64 294 184 191
386 50 295 160 317
387 319 150 345 65
388 281 208 271 237
389 269 259 244 202
390 270 121 136 79
391 177 171 292 54
392 277 103 129 93
393 155 43 148 316
394 171 177 292 335
395 179 57 172 318
396 40 290 147 153
397 272 128 132 81
398 319 145 345 150
399 54 222 240 292
400 104 269 306 78
401 245 270 307 203
402 282 75 98 91
403 316 350 340 351
404 139 104 306 78
405 270 136 16 298
406 169 270 298 307
407 289 71 283 271
408 267 201 262 247
409 107 268 305 80
410 153 147 334 290
411 118 86 312 11
412 104 86 328 125
413 105 267 304 81
414 338 268 204 318
415 138 105 304 81
416 144 267 339 304
417 180 268 305 300
418 268 181 338 180
419 315 47 165 159
420 91 283 131 303
421 43 155 154 316
422 167 166 50 317
423 179 57 318 178
424 190 64 191 319
425 61 291 183 189
426 277 220 214 198
427 288 235 205 193
428 18 298 106 314
429 174 67 341 173
430 300 107 25 88
431 145 345 304 319
432 46 159 312 158
433 22 344 2 179
434 333 320 39 209
435 348 269 306 340
436 146 320 147 39
437 129 277 93 286
438 47 221 239 315
439 317 337 346 245
440 287 108 89 308
441 283 271 71 131
442 279 90 77 101
443 289 285 218 243
444 164 165 308 163
445 160 164 308 163
446 282 98 116 335
447 275 192 238 258
448 26 99 329 117
449 284 275 83 95
450 337 346 245 51
451 61 224 242 291
452 286 280 285 94
453 210 274 249 299
454 36 143 124 343
455 22 140 122 336
456 284 207 275 238
457 282 211 314 236
458 100 12 118 293
459 289 283 195 271
460 118 100 293 74
461 15 142 121 323
462 284 113 76 83
463 289 258 275 207
464 285 280 102 94
465 285 236 206 199
466 279 101 119 334
467 286 82 280 94
468 289 97 285 283
469 271 251 195 237
470 294 63 184 187
471 346 51 7 245
472 29 141 123 342
473 90 288 109 326
474 98 282 327 335
475 269 249 229 202
476 270 106 126 79
477 110 91 131 303
478 286 206 285 280
479 275 135 83 95
480 171 170 321 53
481 289 83 275 134
482 101 279 326 334
483 179 22 344 336
484 313 26 329 117
485 279 209 197 241
486 269 78 104 125
487 296 148 151 42
488 278 254 250 203
489 267 227 201 248
490 172 56 175 297
491 280 94 82 102
492 289 283 71 97
493 119 279 334 301
494 116 282 335 314
495 182 322 183 60
496 272 201 256 248
497 98 19 116 335
498 284 200 237 207
499 271 127 88 113
500 289 218 258 207
501 279 85 119 77
502 269 202 229 259
503 270 136 106 79
504 277 220 198 217
505 272 128 72 132
506 289 195 207 237
507 282 116 75 87
508 271 208 251 237
509 273 196 219 216
510 289 83 134 97
511 101 119 334 33
512 302 143 109 35
513 348 36 124 343
514 344 22 122 336
515 140 336 21 110
516 124 139 306 78
517 304 138 123 30
518 23 122 137 305
519 306 139 124 9
520 169 51 337 307
521 318 347 185 352
522 8 352 68 185
523 260 245 307 203
524 347 8 185 352
525 319 190 5 65
526 282 240 211 199
527 267 262 201 227
528 341 15 121 323
529 137 107 305 80
530 289 195 283 243
531 281 242 200 224
532 123 138 304 81
533 261 246 338 204
534 345 29 123 342
535 45 299 229 324
536 17 106 298 136
537 281 208 237 200
538 10 139 104 306
539 228 268 338 332
540 31 138 105 304
541 122 137 305 80
542 230 270 307 331
543 38 333 227 339
544 13 108 308 89
545 271 127 113 71
546 289 83 97 71
547 284 219 207 238
548 277 89 112 74
549 285 199 206 218
550 284 83 76 95
551 285 199 218 243
552 284 95 76 120
553 111 28 342 141
554 281 88 76 113
555 111 92 309 27
556 276 93 69 115
557 314 270 250 331
558 303 336 21 172
559 45 156 324 157
560 136 17 16 298
561 145 339 144 38
562 24 180 305 300
563 144 31 301 304
564 169 168 52 307
565 181 180 59 338
566 328 10 104 306
567 280 194 220 206
568 285 102 75 94
569 111 309 272 342
570 283 255 243 195
571 273 196 216 226
572 273 72 114 84
573 306 139 9 10
574 304 138 30 31
575 169 51 307 52
576 23 24 305 137
577 145 37 339 38
578 181 59 58 338
579 340 157 44 324
580 319 190 65 191
581 118 293 312 74
582 274 86 103 73
583 274 86 73 125
584 282 98 75 116
585 280 82 70 102
586 276 205 192 217
587 286 69 82 94
588 160 50 49 295
589 63 64 294 184
590 283 71 97 131
591 43 296 42 148
592 274 193 210 249
593 172 56 297 57
594 281 76 117 99
595 122 268 305 344
596 181 58 185 338
597 87 314 126 280
598 149 319 145 37
599 169 173 337 51
600 181 344 305 268
601 124 348 306 9
602 161 44 340 157
603 286 258 206 257
604 275 207 258 238
605 279 101 77 119
606 283 131 97 91
607 284 200 207 219
608 179 344 318 336
609 149 145 319 150
610 348 316 340 351
611 173 341 337 349
612 277 74 129 103
613 277 217 198 225
614 274 210 193 225
615 214 221 315 198
616 299 45 158 156
617 161 348 340 351
618 161 6 66 351
619 146 333 38 144
620 31 105 301 304
621 168 170 52 331
622 180 182 59 332
623 300 268 305 107
624 286 134 69 94
625 281 208 200 242
626 279 241 197 223
627 289 195 243 218
628 288 133 96 90
629 285 75 97 94
630 177 54 292 55
631 280 194 206 236
632 288 73 96 133
633 40 290 153 41
634 288 253 212 235
635 351 66 155 154
636 67 167 349 166
637 161 6 351 350
638 179 178 352 68
639 281 117 76 88
640 350 161 340 351
641 167 341 349 317
642 344 179 352 68
643 149 150 319 65
644 282 240 199 222
645 289 195 218 207
646 278 126 70 130
647 283 255 215 243
648 275 134 83 135
649 315 48 165 47
650 170 52 331 53
651 146 39 38 333
652 24 300 107 25
653 10 11 328 104
654 301 105 31 32
655 182 59 332 60
656 26 99 27 329
657 61 62 291 189
658 343 36 143 35
659 22 140 336 21
660 288 253 235 193
661 14 15 323 142
662 28 342 141 29
663 55 56 311 175
664 106 18 17 298
665 299 46 158 45
666 23 2 122 344
667 348 351 161 66
668 9 3 124 348
669 16 4 121 341
670 29 123 1 345
671 22 122 2 344
672 15 121 4 341
673 36 124 3 348
674 13 100 293 12
675 320 39 40 147
676 155 351 316 348
677 287 325 233 295
678 4 16 174 341
679 162 3 9 348
680 278 254 194 250
681 111 28 27 309
682 327 20 98 19
683 148 343 302 35
684 351 6 154 350
685 166 349 7 346
686 347 8 352 178
687 41 310 151 42
688 326 34 101 33
689 171 53 321 54
690 61 322 60 183
691 312 47 159 46
692 287 108 130 89
693 13 108 14 308
694 163 49 48 325
695 62 330 187 63
696 272 256 196 248
697 287 254 233 214
698 303 20 21 110
699 302 34 35 109
700 58 347 8 185
701 161 44 6 350
702 173 51 7 346
703 331 52 230 53
704 11 118 12 312
705 157 348 162 9
706 341 349 67 167
707 345 1 30 123
708 267 81 342 304
709 43 6 350 154
710 190 64 319 5
711 166 346 7 50
712 57 347 178 8
713 25 117 26 313
714 119 33 32 334
715 19 116 335 18
716 4 341 67 167
717 2 344 68 179
718 150 345 65 1
719 66 155 3 348
720 67 166 349 7
721 8 178 68 352
722 149 319 5 65
723 351 6 66 154
724 84 96 273 276
725 273 96 279 276
726 252 273 279 276
727 77 96 279 273
728 148 296 151 302
729 213 92 272 284
730 120 272 92 284
731 145 144 339 304
732 192 276 275 216
733 273 216 275 276
734 187 309 294 330
735 184 187 309 294
736 172 297 175 303
737 33 326 153 334
738 153 34 326 33
739 273 226 252 279
740 197 252 226 279
741 153 310 290 326
742 43 316 350 244
743 238 284 216 275
744 273 216 284 275
745 77 90 279 96
746 288 279 90 96
747 69 129 93 286
748 286 129 277 82
749 69 82 129 286
750 276 69 93 286
751 210 299 312 274
752 331 168 298 307
753 84 135 115 275
754 273 276 275 84
755 90 279 288 326
756 288 279 310 326
757 277 225 198 274
758 322 271 332 313
759 114 85 273 77
760 279 273 85 77
761 274 328 312 86
762 74 277 312 103
763 118 74 312 86
764 163 287 308 295
765 308 14 323 108
766 287 308 323 108
767 142 323 14 108
768 285 199 243 282
769 283 285 243 282
770 215 283 243 282
771 199 215 243 282
772 233 263 203 295
773 160 163 308 295
774 49 263 233 295
775 160 295 49 163
776 315 325 165 48
777 315 325 48 214
778 257 192 217 286
779 276 217 192 286
780 163 48 165 325
781 287 163 165 325
782 279 252 276 235
783 197 252 279 235
784 212 197 279 235
785 288 212 279 235
786 269 274 249 288
787 253 269 249 288
788 193 253 249 288
789 274 193 249 288
790 277 220 278 214
791 287 277 278 214
792 254 287 278 214
793 220 254 278 214
794 274 269 125 288
795 73 274 125 288
796 133 73 125 288
797 269 133 125 288
798 212 231 253 310
799 4 174 67 341
800 288 326 310 302
801 310 153 151 326
802 296 288 310 302
803 43 6 244 350
804 269 288 296 302
805 109 288 269 302
806 215 234 283 311
807 148 316 296 343
808 283 327 311 303
809 175 176 311 177
810 297 283 311 303
811 336 297 303 268
812 172 318 297 336
813 110 131 80 303
814 268 271 127 300
815 107 268 127 300
816 88 107 127 300
817 271 88 127 300
818 271 268 251 332
819 208 271 251 332
820 271 268 332 300
821 182 322 332 313
822 86 74 312 103
823 70 87 126 280
824 274 86 312 103
825 277 274 312 103
826 279 290 223 310
827 212 279 223 310
828 147 40 320 290
829 334 153 290 326
830 40 223 290 41
831 281 224 213 291
832 183 61 322 291
833 62 224 291 213
834 281 183 322 291
835 61 62 224 291
836 282 292 222 311
837 215 282 222 311
838 171 54 321 292
839 321 171 292 335
840 292 54 222 55
841 89 277 287 293
842 293 277 315 312
843 308 89 287 293
844 293 12 159 165
845 13 293 165 12
846 232 266 201 294
847 64 191 319 294
848 266 64 247 294
849 232 63 266 294
850 63 64 266 294
851 287 233 203 295
852 167 50 160 317
853 270 245 317 203
854 295 50 49 263
855 163 49 325 295
856 287 163 325 295
857 231 265 202 296
858 302 148 296 343
859 265 43 244 296
860 231 265 296 42
861 43 265 42 296
862 234 264 204 297
863 172 336 297 303
864 246 204 264 318
865 297 56 234 264
866 297 56 264 57
867 87 18 106 314
868 314 270 331 298
869 87 106 126 314
870 298 17 168 170
871 298 18 17 170
872 229 210 249 299
873 156 45 324 299
874 269 229 249 299
875 210 229 46 299
876 146 301 333 144
877 229 46 299 45
878 300 182 332 313
879 313 300 25 88
880 24 180 300 182
881 24 182 300 25
882 180 182 332 300
883 88 300 271 313
884 85 32 105 301
885 267 144 333 301
886 85 105 128 301
887 146 301 144 31
888 146 301 31 32
889 34 90 109 326
890 302 34 109 326
891 152 148 302 35
892 152 34 35 302
893 269 302 296 343
894 20 110 303 91
895 327 20 303 91
896 172 176 21 303
897 176 20 21 303
898 176 172 175 303
899 123 345 304 30
900 319 145 339 304
901 145 30 304 345
902 145 304 31 144
903 145 304 30 31
904 319 64 247 5
905 268 305 181 180
906 149 319 37 5
907 24 305 180 181
908 23 24 181 305
909 157 9 306 348
910 148 36 343 35
911 124 269 306 348
912 156 157 10 306
913 157 306 9 10
914 230 260 307 203
915 52 230 307 331
916 307 51 245 260
917 260 52 230 307
918 307 51 260 52
919 293 308 89 13
920 165 308 287 293
921 13 308 14 164
922 317 270 341 337
923 164 14 160 308
924 309 329 189 27
925 187 309 188 184
926 92 329 291 309
927 309 28 188 184
928 309 28 27 188
929 168 52 307 331
930 293 308 13 165
931 41 212 223 310
932 232 330 294 272
933 290 41 223 310
934 212 310 288 279
935 152 148 151 302
936 232 63 294 330
937 19 327 177 335
938 187 62 189 330
939 281 213 92 291
940 272 92 330 309
941 177 20 327 19
942 283 311 282 215
943 55 215 222 311
944 148 155 343 36
945 292 55 222 311
946 155 348 316 343
947 342 267 304 319
948 159 293 315 312
949 12 159 312 293
950 11 312 159 158
951 11 312 12 159
952 335 177 292 327
953 62 232 330 63
954 346 245 7 50
955 183 182 313 322
956 346 173 337 349
957 182 25 183 313
958 182 300 25 313
959 271 300 332 313
960 170 314 331 298
961 170 331 314 321
962 18 116 335 314
963 170 18 335 314
964 168 170 331 298
965 298 18 170 314
966 25 313 26 183
967 209 279 301 320
968 32 119 334 301
969 32 334 147 301
970 333 209 301 320
971 183 26 329 313
972 67 349 173 7
973 267 301 333 209
974 349 173 7 346
975 330 63 294 187
976 279 334 290 326
977 277 214 315 198
978 159 47 312 315
979 317 346 50 245
980 221 48 315 47
981 48 221 315 214
982 351 316 350 154
983 157 161 348 340
984 157 348 306 340
985 316 269 244 296
986 43 316 154 350
987 43 316 244 296
988 317 166 346 349
989 169 173 341 337
990 270 169 341 337
991 50 245 263 317
992 317 166 50 346
993 295 50 263 317
994 318 347 352 178
995 268 181 318 338
996 181 318 338 185
997 246 338 204 318
998 318 57 347 178
999 57 246 264 318
1000 341 349 173 67
1001 267 319 339 304
1002 348 269 316 343
1003 319 267 247 294
1004 281 183 329 313
1005 64 319 247 294
1006 146 333 301 320
1007 146 32 147 301
1008 241 39 40 320
1009 320 40 241 290
1010 279 320 241 290
1011 186 2 23 344
1012 23 186 344 181
1013 310 296 151 42
1014 302 310 151 326
1015 323 167 160 317
1016 202 231 296 253
1017 150 1 30 345
1018 145 150 30 345
1019 297 56 175 311
1020 311 176 175 303
1021 270 295 317 323
1022 234 268 283 297
1023 170 53 331 321
1024 171 170 335 321
1025 321 53 240 54
1026 321 54 240 292
1027 282 321 240 292
1028 208 281 271 322
1029 332 208 271 322
1030 61 242 60 322
1031 322 61 242 291
1032 281 322 242 291
1033 295 323 160 317
1034 323 160 308 295
1035 15 323 167 160
1036 14 15 160 323
1037 287 323 308 295
1038 14 323 160 308
1039 324 157 306 340
1040 259 340 44 324
1041 259 45 229 324
1042 269 259 229 324
1043 338 318 347 185
1044 168 169 298 307
1045 298 17 169 168
1046 297 57 264 318
1047 325 49 48 233
1048 233 48 325 214
1049 287 233 325 214
1050 325 49 233 295
1051 214 325 287 315
1052 152 153 34 326
1053 152 302 151 326
1054 153 152 151 326
1055 152 34 302 326
1056 177 176 311 327
1057 177 176 327 20
1058 297 311 175 303
1059 176 20 303 327
1060 86 11 104 328
1061 11 328 312 158
1062 57 246 347 8
1063 269 104 328 125
1064 183 189 291 329
1065 281 183 291 329
1066 309 329 27 92
1067 26 329 189 183
1068 26 329 27 189
1069 272 213 232 330
1070 272 213 330 92
1071 62 232 213 330
1072 213 330 92 291
1073 62 213 291 330
1074 211 314 250 331
1075 331 230 211 53
1076 230 211 250 331
1077 211 282 314 321
1078 331 53 211 321
1079 331 211 314 321
1080 59 228 338 332
1081 332 208 60 228
1082 180 59 338 332
1083 332 59 228 60
1084 228 208 251 332
1085 268 228 251 332
1086 267 209 333 227
1087 262 38 227 339
1088 333 209 39 227
1089 267 262 227 339
1090 333 39 38 227
1091 55 215 311 234
1092 55 56 234 311
1093 327 176 311 303
1094 297 56 311 234
1095 234 297 283 311
1096 279 301 320 334
1097 33 101 326 334
1098 320 146 147 301
1099 147 33 153 334
1100 334 33 32 147
1101 282 321 292 335
1102 19 98 327 335
1103 335 18 170 171
1104 171 19 177 335
1105 19 335 171 18
1106 269 302 343 143
1107 343 143 302 35
1108 338 58 185 347
1109 36 348 3 155
1110 296 310 151 302
1111 336 110 80 303
1112 344 268 318 336
1113 22 336 179 172
1114 297 283 303 268
1115 22 336 172 21
1116 270 337 245 307
1117 337 51 245 307
1118 337 173 346 51
1119 270 317 245 337
1120 317 346 337 349
1121 228 261 338 204
1122 268 180 338 332
1123 338 58 246 261
1124 261 59 228 338
1125 338 59 58 261
1126 267 262 339 247
1127 144 267 333 339
1128 339 37 247 262
1129 38 144 333 339
1130 339 37 262 38
1131 269 259 340 244
1132 44 340 259 244
1133 45 259 44 324
1134 269 324 340 259
1135 157 45 44 324
1136 167 341 317 323
1137 270 323 317 341
1138 318 57 246 347
1139 167 15 341 323
1140 16 169 174 341
1141 15 341 4 167
1142 10 11 158 328
1143 342 184 309 294
1144 184 191 342 29
1145 309 342 111 28
1146 28 184 342 29
1147 156 158 299 328
1148 282 335 292 327
1149 156 10 328 306
1150 156 10 158 328
1151 41 231 310 42
1152 169 341 16 270
1153 41 231 212 310
1154 231 296 310 42
1155 288 212 253 310
1156 239 47 312 46
1157 191 345 319 342
1158 239 315 198 312
1159 239 312 210 46
1160 312 47 239 315
1161 210 239 198 312
1162 208 322 332 60
1163 182 60 332 322
1164 333 320 146 39
1165 303 336 110 21
1166 309 342 28 184
1167 330 92 291 309
1168 155 36 348 343
END_ELEMENTS
COORDINATES
1 -4 -4 4
2 4 -4 4
3 -4 4 4
4 4 4 4
5 -4 -4 6
6 -4 4 6
7 4 4 6
8 4 -4 6
9 -3.000000000002773 4 4
10 -2.000000000005548 4 4
11 -1.000000000008323 4 4
12 -1.10111919582323e-11 4 4
13 0.9999999999916769 4 4
14 1.999999999994452 4 4
15 2.999999999997225 4 4
16 4 3.000000000002773 4
17 4 2.000000000005548 4
18 4 1.000000000008323 4
19 4 1.10111919582323e-11 4
20 4 -0.9999999999916769 4
21 4 -1.999999999994452 4
22 4 -2.999999999997225 4
23 3.000000000002773 -4 4
24 2.000000000005548 -4 4
25 1.000000000008323 -4 4
26 1.10111919582323e-11 -4 4
27 -0.9999999999916769 -4 4
28 -1.999999999994452 -4 4
29 -2.999999999997225 -4 4
30 -4 -3.000000000002773 4
31 -4 -2.000000000005548 4
32 -4 -1.000000000008323 4
33 -4 -1.10111919582323e-11 4
34 -4 0.9999999999916769 4
35 -4 1.999999999994452 4
36 -4 2.999999999997225 4
37 -4 -3.000000000002773 6
38 -4 -2.000000000005548 6
39 -4 -1.000000000008323 6
40 -4 -1.10111919582323e-11 6
41 -4 0.9999999999916769 6
42 -4 1.999999999994452 6
43 -4 2.999999999997225 6
44 -3.000000000002773 4 6
45 -2.000000000005548 4 6
46 -1.000000000008323 4 6
47 -1.10111919582323e-11 4 6
48 0.9999999999916769 4 6
49 1.999999999994452 4 6
50 2.999999999997225 4 6
51 4 3.000000000002773 6
52 4 2.000000000005548 6
53 4 1.000000000008323 6
54 4 1.10111919582323e-11 6
55 4 -0.9999999999916769 6
56 4 -1.999999999994452 6
57 4 -2.999999999997225 6
58 3.000000000002773 -4 6
59 2.000000000005548 -4 6
60 1.000000000008323 -4 6
61 1.10111919582323e-11 -4 6
62 -0.9999999999916769 -4 6
63 -1.999999999994452 -4 6
64 -2.999999999997225 -4 6
65 -4 -4 5
66 -4 4 5
67 4 4 5
68 4 -4 5
69 0.04990507778417223 0.4272849703720114 4
70 1.669029307972219 1.624241747892903 4
71 1.518838338803939 -1.604629868591771 4
72 -1.42820471716889 -1.504643832933836 4
73 -1.538988190751347 1.708989156594468 4
74 -0.0246990077850604 2.35911342178855 4
75 2.31925806384933 0.04828203210689173 4
76 0.03216213114815289 -2.296160196235732 4
77 -2.288446439384294 -0.04839416466768563 4
78 -2.65545608130694 2.639230418241106 4
79 2.639230418241106 2.655456081306941 4
80 2.65545608130694 -2.639230418241106 4
81 -2.639230418241106 -2.655456081306941 4
82 0.8899365837290288 1.069248137456904 4
83 0.5476190476184269 -1.119047619047923 4
84 -1.195432499189426 -0.5155516989093921 4
85 -2.770631329454582 -1.113876319756829 4
86 -1.113876319756828 2.770631329454582 4
87 2.740767316432505 1.115113543282969 4
88 1.113876319756828 -2.770631329454582 4
89 1.072699649687715 2.785020927551056 4
90 -2.756896439076866 0.9837075442740021 4
91 2.761295569316998 -0.9839715492884678 4
92 -1.061737613292603 -2.789165579846727 4
93 -0.7924782545184812 1.071247540592168 4
94 1.204286840993192 0.2034339374711299 4
95 -0.4534840484873851 -1.322661808085814 4
96 -1.611211115751941 0.7153353548098195 4
97 1.594548448478789 -0.7396217103313578 4
98 3.283307721287922 -0.2822616281696663 4
99 -0.2824379740626589 -3.203340747019704 4
100 0.2928204927005613 3.245459222958826 4
101 -3.276265570346888 0.2821864006546141 4
102 1.76953387237394 0.7706429059012291 4
103 -0.7122288706352803 1.881995773715033 4
104 -1.877688851795921 3.205017762596289 4
105 -3.205017762596289 -1.877688851795921 4
106 3.20004042709261 1.877895055716944 4
107 1.877688851795921 -3.205017762596289 4
108 1.858846027555159 3.190299467437654 4
109 -3.210823283133335 1.82157748757567 4
110 3.21155647150669 -1.821621488411414 4
111 -1.894020310855883 -3.150420621323649 4
112 0.8232062055608277 1.947425123895549 4
113 0.8993274939920677 -1.97830019271874 4
114 -1.963868892956521 -0.8760151526765376 4
115 -0.7895922490419274 0.2191915048585512 4
116 3.318461453656631 0.4858155217569535 4
117 0.4691112301981744 -3.306116708429522 4
118 -0.4451821878742283 3.304891004685073 4
119 -3.318045493515855 -0.4857608641429242 4
120 -0.9213634401462448 -1.983851767623793 4
121 3.223079004328387 3.223079004329624 4
122 3.223079004329624 -3.223079004328387 4
123 -3.223079004328387 -3.223079004329624 4
124 -3.223079004329623 3.223079004328386 4
125 -1.917722868909166 2.416302837584656 4
126 2.401342598155056 1.93506226582691 4
127 1.744631997765081 -2.325909182106554 4
128 -2.294099773575704 -1.738380856567476 4
129 0.0389402890225345 1.459385827970036 4
130 1.757645521036837 2.402604900934793 4
131 2.323582579639697 -1.721005307665208 4
132 -1.706442712213405 -2.30365312326707 4
133 -2.37117132175428 1.746333813799344 4
134 0.599522992268124 -0.3660618128215981 4
135 -0.2069102798413358 -0.4461410772723607 4
136 3.41246996993242 2.551286028272366 4
137 2.551244787488161 -3.413465437033156 4
138 -3.413465437033156 -2.551244787488161 4
139 -2.551244787488161 3.413465437033156 4
140 3.418018311428651 -2.536786182194517 4
141 -2.55126594668341 -3.405791141392042 4
142 2.544231090023266 3.413766910614844 4
143 -3.41787167375398 2.536777382027368 4
144 -4 -2.000000000005548 5
145 -4 -2.875000000003121 5
146 -4 -1.333333333340717 5
147 -4 -0.4548006381141776 4.943165784832452
148 -4 2.355722071964704 4.904083692365835
149 -4 -3.468750000001473 5.5
150 -4 -3.468750000001473 4.5
151 -4 1.483966623486705 5.253650132275132
152 -4 1.506087880284247 4.574935714285714
153 -4 0.6478934093740154 4.967393090199042
154 -4 3.624999999998959 5.375
155 -4 3.330120345326352 4.879847282060973
156 -2.000000000005548 4 5
157 -2.875000000003121 4 5
158 -1.333333333340717 4 5
159 -0.4548006381141776 4 4.943165784832452
160 2.355722071964704 4 4.904083692365835
161 -3.468750000001473 4 5.5
162 -3.468750000001473 4 4.5
163 1.483966623486705 4 5.253650132275132
164 1.506087880284247 4 4.574935714285714
165 0.6478934093740154 4 4.967393090199042
166 3.624999999998959 4 5.375
167 3.330120345326352 4 4.879847282060973
168 4 2.000000000005548 5
169 4 2.875000000003121 5
170 4 1.333333333340717 5
171 4 0.4548006381141776 4.943165784832452
172 4 -2.355722071964704 4.904083692365835
173 4 3.468750000001473 5.5
174 4 3.468750000001473 4.5
175 4 -1.483966623486705 5.253650132275132
176 4 -1.506087880284247 4.574935714285714
177 4 -0.6478934093740154 4.967393090199042
178 4 -3.624999999998959 5.375
179 4 -3.330120345326352 4.879847282060973
180 2.000000000005548 -4 5
181 2.875000000003121 -4 5
182 1.333333333340717 -4 5
183 0.4548006381141776 -4 4.943165784832452
184 -2.355722071964704 -4 4.904083692365835
185 3.468750000001473 -4 5.5
186 3.468750000001473 -4 4.5
187 -1.483966623486705 -4 5.253650132275132
188 -1.506087880284247 -4 4.574935714285714
189 -0.6478934093740154 -4 4.967393090199042
190 -3.624999999998959 -4 5.375
191 -3.330120345326352 -4 4.879847282060973
192 -0.4272849703720114 0.04990507778417223 6
193 -1.624241747892903 1.669029307972218 6
194 1.604629868591771 1.518838338803939 6
195 1.504643832933836 -1.42820471716889 6
196 -1.708989156594467 -1.538988190751347 6
197 -2.35911342178855 -0.0246990077850604 6
198 -0.04828203210689175 2.31925806384933 6
199 2.296160196235732 0.03216213114815289 6
200 0.04839416466768564 -2.288446439384294 6
201 -2.639230418241106 -2.655456081306941 6
202 -2.655456081306941 2.639230418241106 6
203 2.639230418241106 2.65545608130694 6
204 2.655456081306941 -2.639230418241106 6
205 -1.069248137456903 0.8899365837290287 6
206 1.119047619047923 0.5476190476184269 6
207 0.5155516989093921 -1.195432499189425 6
208 1.113876319756829 -2.770631329454582 6
209 -2.770631329454582 -1.113876319756828 6
210 -1.115113543282969 2.740767316432505 6
211 2.770631329454582 1.113876319756828 6
212 -2.785020927551056 1.072699649687715 6
213 -0.9837075442740021 -2.756896439076866 6
214 0.9839715492884678 2.761295569316998 6
215 2.789165579846727 -1.061737613292603 6
216 -1.071247540592168 -0.7924782545184814 6
217 -0.2034339374711299 1.204286840993192 6
218 1.322661808085814 -0.4534840484873851 6
219 -0.7153353548098195 -1.611211115751941 6
220 0.7396217103313578 1.594548448478789 6
221 0.2822616281696663 3.283307721287922 6
222 3.203340747019704 -0.2824379740626589 6
223 -3.245459222958826 0.2928204927005614 6
224 -0.2821864006546141 -3.276265570346888 6
225 -0.7706429059012291 1.76953387237394 6
226 -1.881995773715032 -0.7122288706352804 6
227 -3.205017762596289 -1.877688851795921 6
228 1.877688851795921 -3.205017762596289 6
229 -1.877895055716945 3.20004042709261 6
230 3.205017762596289 1.877688851795921 6
231 -3.190299467437654 1.858846027555159 6
232 -1.82157748757567 -3.210823283133335 6
233 1.821621488411415 3.21155647150669 6
234 3.150420621323649 -1.894020310855883 6
235 -1.947425123895549 0.8232062055608277 6
236 1.97830019271874 0.8993274939920677 6
237 0.8760151526765376 -1.963868892956521 6
238 -0.2191915048585511 -0.7895922490419274 6
239 -0.4858155217569535 3.318461453656631 6
240 3.306116708429522 0.4691112301981743 6
241 -3.304891004685073 -0.4451821878742283 6
242 0.4857608641429242 -3.318045493515855 6
243 1.983851767623793 -0.9213634401462448 6
244 -3.223079004329624 3.223079004328387 6
245 3.223079004328387 3.223079004329624 6
246 3.223079004329624 -3.223079004328387 6
247 -3.223079004328386 -3.223079004329623 6
248 -2.416302837584656 -1.917722868909166 6
249 -1.93506226582691 2.401342598155055 6
250 2.325909182106554 1.744631997765081 6
251 1.738380856567476 -2.294099773575704 6
252 -1.459385827970036 0.03894028902253439 6
253 -2.402604900934793 1.757645521036837 6
254 1.721005307665208 2.323582579639697 6
255 2.30365312326707 -1.706442712213405 6
256 -1.746333813799344 -2.37117132175428 6
257 0.3660618128215981 0.5995229922681239 6
258 0.4461410772723607 -0.2069102798413358 6
259 -2.551286028272366 3.41246996993242 6
260 3.413465437033156 2.551244787488161 6
261 2.551244787488161 -3.413465437033156 6
262 -3.413465437033156 -2.551244787488162 6
263 2.536786182194517 3.418018311428651 6
264 3.405791141392042 -2.55126594668341 6
265 -3.413766910614844 2.544231090023265 6
266 -2.536777382027368 -3.41787167375398 6
267 -2.826049069423898 -2.263558836585009 5.17954469191728
268 2.470720882571436 -2.701949561487428 4.970551017125638
269 -2.601518766741926 2.686010584663564 4.97636971004462
270 2.942277343224923 2.568937531654154 4.956510866197347
271 1.388419908812669 -2.24210894226352 4.992444500338529
272 -1.767024302828972 -2.361263536712083 4.998636454914266
273 -1.761382863165577 -0.9672229452546088 4.969886554804535
274 -1.266571319434751 2.090379063615181 5.050213402617771
275 -0.2019112108949207 -0.4851392681414992 4.903793960319861
276 -0.9579007050379786 0.5653910022209995 4.999093373364891
277 0.1979191623533555 1.917586001046023 4.95831815732659
278 1.681846677363364 2.075950237246147 4.983116531346194
279 -2.565840806054211 0.03097246580291884 5.069450111090438
280 1.596086907019782 1.126799497221139 4.927198818461999
281 0.1918826812243615 -2.712791968916752 4.988198038094446
282 2.6541096902083 0.06631117810915994 5.032661742383109
283 2.31187113567796 -1.342182707423561 5.051269961228285
284 -0.2762511288927827 -1.695176229686872 5.005363005190667
285 1.610888345891635 -0.09524874207505685 4.992527764467523
286 0.3887558614599343 0.5995654250834396 4.999960681606251
287 1.571983568385942 2.947294519644378 5.014738934131456
288 -2.20605721570825 1.47037931920885 5.008289536574641
289 1.018856439960401 -1.040845466738509 5.040110557369106
290 -3.481423607080756 0.217364741549535 5.354609839416718
291 -0.395658229331134 -3.404656756145138 5.25924379307347
292 3.489943290582166 -0.1612783369804101 5.359429949684984
293 0.3887164063872493 3.223653983523178 4.60835905500606
294 -2.416733269173054 -3.357966197514433 5.36071595677741
295 2.200532748875291 3.458687198486283 5.372155876182458
296 -3.30248717077725 2.299658332163943 5.382379486448015
297 3.401173279102139 -2.273056156168176 5.341505990081145
298 3.494302933886304 2.024689983238513 4.649201748766051
299 -1.548924464666616 3.218889726185234 5.374458780236648
300 1.630757968156642 -3.273779585827459 4.612081786879079
301 -3.225957861864899 -1.294671726361842 4.757131445652994
302 -3.406211367895817 1.842903944114669 4.665350185035157
303 3.208141486359355 -1.753970307990093 4.650957086408254
304 -3.410913154559877 -2.582362694495169 4.615488574613819
305 2.501400747000363 -3.457081180387457 4.487675371202928
306 -2.538373652651667 3.450951057445394 4.588562942688927
307 3.502784550814267 2.465426084146993 5.478058400528585
308 1.535321856884184 3.506222966378906 4.559240194333442
309 -1.513572163373639 -3.473071746826877 4.611722688859557
310 -3.253786254063889 1.238319673438196 5.3959154221063
311 3.334467442576078 -1.118081804795146 5.324586642627483
312 -0.6345493725441658 3.126316225532711 4.965266522540714
313 0.8279918967359082 -3.385611780910079 4.6342953676499
314 2.884386908513125 1.284904150071133 4.863515313483426
315 0.3592202551772 3.226756097689198 5.371425462898052
316 -3.524049201832922 3.066924263360788 5.290844367937006
317 3.006795236777306 3.482794376195029 5.330746966442829
318 3.323866518638065 -3.138397481131805 5.298956238944999
319 -3.438207363736845 -3.348944873749287 5.296594344624456
320 -3.446868633146202 -0.688139784508246 5.379601642797688
321 3.438281234286667 0.7225237177709932 5.369614715463531
322 0.7542389114558977 -3.417077203236291 5.381186121422918
323 2.551858906263323 3.386001435481906 4.596779243866213
324 -2.332465683754644 3.518237261649643 5.32427331799746
325 1.312446342895035 3.477890229562939 5.556380507194414
326 -3.35184965189038 0.8750031663139883 4.656831745774385
327 3.364121050360607 -0.7029779380149876 4.638549384837735
328 -1.654474545147385 3.234479356955779 4.673472553159587
329 -0.293074193626701 -3.524040568492226 4.532820208239449
330 -1.368919696844785 -3.323200173433923 5.406983543364619
331 3.355875814822067 1.643253235666809 5.372374445379186
332 1.595982602830688 -3.277223713959222 5.340361606498491
333 -3.473045978396527 -1.58782696181187 5.45784560461482
334 -3.474247671436812 -0.1614246927433114 4.671738340083042
335 3.472846290174409 0.3286341549871176 4.669957525327998
336 3.413678144328058 -2.592704890341131 4.565331465527755
337 3.51544203575291 3.116740038351348 5.370234749201303
338 2.657910821389735 -3.446060373568528 5.513524680250364
339 -3.568644862612465 -2.49283273837298 5.433442214692717
340 -3.042494775942137 3.481595042633386 5.352264018648678
341 3.5041055417043 3.396843703644167 4.704932769487034
342 -2.63182216501765 -3.292809117753615 4.611933162827491
343 -3.518980713154935 2.721474715156454 4.642457453452179
344 3.438069445780642 -3.431264825146003 4.578318350973145
345 -3.435235964127087 -3.426599243586741 4.514785997003309
346 3.47226678064118 3.558291973024604 5.681972926421871
347 3.559917054981654 -3.503604092701976 5.693267125919566
348 -3.375261895620012 3.503187372643308 4.691675725429587
349 3.631232036486029 3.624041480071173 5.267433655876604
350 -3.552051288804864 3.474639315209625 5.675539367407181
351 -3.62261749545607 3.632677556273007 5.263533244945793
352 3.595371337456192 -3.668858477353687 5.154156516189426
END_COORDINATES
BOUNDARIES
1 11 118 12
2 10 104 11
3 11 86 118
4 11 104 86
5 12 100 13
6 12 118 100
7 70 112 82
8 70 130 112
9 70 82 102
10 70 126 130
11 70 87 126
12 70 102 87
13 24 107 25
14 25 107 88
15 25 117 26
16 25 88 117
17 18 116 19
18 18 87 116
19 17 106 18
20 18 106 87
21 72 95 84
22 84 95 135
23 76 83 95
24 76 95 120
25 83 135 95
26 72 120 95
27 27 111 28
28 28 141 29
29 28 111 141
30 13 108 14
31 14 142 15
32 14 108 142
33 77 84 96
34 84 115 96
35 73 96 93
36 93 96 115
37 133 96 73
38 77 96 90
39 90 96 133
40 26 99 27
41 27 99 92
42 27 92 111
43 33 101 34
44 34 101 90
45 33 119 101
46 77 101 119
47 77 90 101
48 77 114 84
49 72 84 114
50 84 135 115
51 19 116 98
52 75 116 87
53 75 98 116
54 24 137 107
55 88 107 127
56 80 107 137
57 80 127 107
58 26 117 99
59 76 117 88
60 76 99 117
61 1 29 123
62 29 141 123
63 9 139 10
64 10 139 104
65 16 136 17
66 17 136 106
67 19 98 20
68 13 89 108
69 13 100 89
70 1 123 30
71 30 138 31
72 30 123 138
73 35 143 36
74 34 109 35
75 35 109 143
76 76 88 113
77 76 92 99
78 76 113 83
79 76 120 92
80 89 112 130
81 74 112 89
82 89 130 108
83 74 89 100
84 3 124 9
85 9 124 139
86 2 22 122
87 2 122 23
88 4 15 121
89 15 142 121
90 75 94 97
91 75 97 91
92 75 102 94
93 75 87 102
94 75 91 98
95 72 128 132
96 81 132 128
97 72 132 120
98 92 120 132
99 92 132 111
100 81 111 132
101 71 97 83
102 71 83 113
103 131 97 71
104 71 113 127
105 71 127 131
106 23 137 24
107 85 105 128
108 81 128 105
109 72 114 128
110 85 128 114
111 3 36 124
112 36 143 124
113 21 140 22
114 22 140 122
115 31 105 32
116 31 138 105
117 88 127 113
118 80 137 122
119 80 140 110
120 80 110 131
121 80 122 140
122 80 131 127
123 20 110 21
124 21 110 140
125 73 93 103
126 93 129 103
127 73 103 86
128 74 103 129
129 74 86 103
130 93 69 129
131 69 93 115
132 129 69 82
133 69 94 82
134 69 135 134
135 69 115 135
136 69 134 94
137 20 91 110
138 20 98 91
139 34 90 109
140 78 143 109
141 78 109 133
142 78 139 124
143 78 104 139
144 78 124 143
145 78 133 125
146 78 125 104
147 90 133 109
148 32 105 85
149 32 119 33
150 32 85 119
151 81 105 138
152 73 86 125
153 73 125 133
154 83 97 134
155 83 134 135
156 4 121 16
157 16 121 136
158 82 112 129
159 74 129 112
160 94 134 97
161 91 97 131
162 23 122 137
163 74 118 86
164 86 104 125
165 82 94 102
166 77 119 85
167 77 85 114
168 79 126 106
169 87 106 126
170 79 106 136
171 79 130 126
172 79 142 108
173 79 108 130
174 79 121 142
175 79 136 121
176 81 138 123
177 91 131 110
178 74 100 118
179 81 123 141
180 81 141 111
181 145 144 31
182 146 31 144
183 145 38 144
184 146 144 38
185 147 40 153
186 39 40 147
187 41 153 40
188 34 152 35
189 148 35 152
190 34 153 152
191 152 153 151
192 148 152 151
193 33 32 147
194 147 32 146
195 147 153 33
196 147 146 39
197 6 66 154
198 3 155 66
199 155 154 66
200 1 150 30
201 30 145 31
202 145 30 150
203 5 149 65
204 5 37 149
205 6 154 43
206 36 35 148
207 1 65 150
208 3 36 155
209 36 148 155
210 32 31 146
211 65 149 150
212 34 33 153
213 38 145 37
214 145 149 37
215 150 149 145
216 42 43 148
217 155 43 154
218 43 155 148
219 38 39 146
220 41 42 151
221 148 151 42
222 41 151 153
223 12 11 159
224 11 10 158
225 159 11 158
226 13 12 165
227 159 165 12
228 6 44 161
229 157 161 44
230 45 157 44
231 13 164 14
232 14 160 15
233 160 14 164
234 7 67 166
235 4 167 67
236 167 166 67
237 9 157 10
238 158 10 156
239 157 156 10
240 6 161 66
241 66 161 162
242 3 66 162
243 13 165 164
244 7 166 50
245 167 50 166
246 50 167 160
247 50 160 49
248 3 162 9
249 157 9 162
250 46 47 159
251 159 158 46
252 159 47 165
253 4 15 167
254 15 160 167
255 45 46 158
256 162 161 157
257 48 165 47
258 48 163 165
259 48 49 163
260 160 164 163
261 164 165 163
262 158 156 45
263 160 163 49
264 157 45 156
265 18 17 170
266 19 18 171
267 171 18 170
268 56 57 172
269 8 178 57
270 57 179 172
271 179 57 178
272 4 67 174
273 67 173 174
274 7 173 67
275 171 54 177
276 53 54 171
277 55 177 54
278 16 169 17
279 169 168 17
280 170 17 168
281 20 19 177
282 171 177 19
283 2 22 179
284 2 179 68
285 22 21 172
286 22 172 179
287 20 176 21
288 172 21 176
289 169 52 168
290 52 169 51
291 170 168 52
292 52 53 170
293 8 68 178
294 179 178 68
295 20 177 176
296 4 174 16
297 169 16 174
298 174 173 169
299 172 175 56
300 55 56 175
301 7 51 173
302 172 176 175
303 176 177 175
304 55 175 177
305 169 173 51
306 171 170 53
307 5 190 64
308 63 64 184
309 191 64 190
310 64 191 184
311 26 25 183
312 25 24 182
313 183 25 182
314 62 189 61
315 62 63 187
316 62 187 189
317 27 188 28
318 29 28 184
319 184 28 188
320 27 26 189
321 27 189 188
322 8 58 185
323 181 185 58
324 59 181 58
325 60 61 183
326 59 60 182
327 183 182 60
328 1 29 191
329 29 184 191
330 183 189 26
331 5 65 190
332 1 191 65
333 2 68 186
334 2 186 23
335 23 181 24
336 181 180 24
337 182 24 180
338 183 61 189
339 184 187 63
340 191 190 65
341 8 185 68
342 68 185 186
343 184 188 187
344 188 189 187
345 186 185 181
346 181 59 180
347 182 180 59
348 181 23 186
349 64 247 5
350 266 64 63
351 266 247 64
352 249 229 202
353 229 249 210
354 210 249 193
355 249 253 193
356 253 249 202
357 243 218 195
358 218 207 195
359 206 218 199
360 258 218 206
361 218 243 199
362 218 258 207
363 241 223 40
364 223 41 40
365 241 40 39
366 250 236 211
367 211 236 199
368 230 250 211
369 230 211 53
370 240 211 199
371 211 240 53
372 244 44 6
373 244 259 44
374 259 45 44
375 252 235 197
376 235 212 197
377 235 252 205
378 235 205 193
379 235 253 212
380 253 235 193
381 236 206 199
382 206 236 194
383 236 250 194
384 224 62 61
385 232 63 62
386 213 232 62
387 224 213 62
388 57 246 8
389 264 246 57
390 264 57 56
391 237 251 195
392 207 237 195
393 251 237 208
394 208 237 200
395 237 207 200
396 246 58 8
397 246 261 58
398 261 59 58
399 242 61 60
400 208 242 60
401 228 208 60
402 228 60 59
403 238 258 192
404 216 238 192
405 192 205 252
406 192 252 216
407 217 205 192
408 258 257 192
409 257 217 192
410 227 262 201
411 262 247 201
412 248 227 201
413 247 266 201
414 232 256 201
415 266 232 201
416 256 248 201
417 240 222 54
418 222 55 54
419 240 54 53
420 247 37 5
421 43 244 6
422 50 245 7
423 263 245 50
424 263 50 49
425 223 241 197
426 212 223 197
427 226 252 197
428 241 209 197
429 209 226 197
430 238 219 207
431 219 238 216
432 258 238 207
433 260 245 203
434 245 263 203
435 245 51 7
436 245 260 51
437 223 212 41
438 242 224 61
439 239 47 46
440 229 46 45
441 229 210 46
442 210 239 46
443 221 48 47
444 239 221 47
445 232 266 63
446 260 230 52
447 230 53 52
448 260 52 51
449 262 227 38
450 247 262 37
451 262 38 37
452 251 255 195
453 255 243 195
454 252 226 216
455 221 214 48
456 221 239 198
457 214 221 198
458 242 208 200
459 228 251 208
460 233 49 48
461 214 233 48
462 209 241 39
463 224 242 200
464 259 244 202
465 265 244 43
466 244 265 202
467 251 228 204
468 255 251 204
469 220 257 206
470 220 206 194
471 257 258 206
472 250 230 203
473 230 260 203
474 259 229 45
475 229 259 202
476 219 196 256
477 219 216 196
478 248 256 196
479 226 209 196
480 216 226 196
481 209 248 196
482 261 246 204
483 246 264 204
484 263 233 203
485 233 254 203
486 254 250 203
487 234 264 56
488 234 56 55
489 261 228 59
490 227 39 38
491 227 209 39
492 227 248 209
493 228 261 204
494 265 43 42
495 219 256 213
496 219 213 200
497 256 232 213
498 213 224 200
499 205 225 193
500 217 225 205
501 243 255 215
502 255 234 215
503 234 255 204
504 222 240 199
505 215 222 199
506 222 215 55
507 212 231 41
508 253 231 212
509 231 42 41
510 231 265 42
511 233 263 49
512 254 233 214
513 210 225 198
514 225 217 198
515 225 210 193
516 250 254 194
517 257 220 217
518 220 214 198
519 217 220 198
520 220 194 254
521 220 254 214
522 243 215 199
523 239 210 198
524 207 219 200
525 215 234 55
526 264 234 204
527 231 253 202
528 265 231 202
END_BOUNDARIES
SKEW_SYSTEMS
END_SKEW_SYSTEMS
