1 DIRIC -0.0035 0 0 1
2 DIRIC -0.0025 0 0 2
3 DIRIC -0.00349578 0.000171737 0 3
4 DIRIC -0.00348315 0.00034306 0 4
5 DIRIC -0.00346212 0.000513557 0 5
6 DIRIC -0.00343275 0.000682816 0 6
7 DIRIC -0.00339511 0.000850431 0 7
8 DIRIC -0.00334929 0.001016 0 8
9 DIRIC -0.0032954 0.00117911 0 9
10 DIRIC -0.00323358 0.00133939 0 10
11 DIRIC -0.00316396 0.00149644 0 11
12 DIRIC -0.00308672 0.00164989 0 12
13 DIRIC -0.00300205 0.00179936 0 13
14 DIRIC -0.00291014 0.0019445 0 14
15 DIRIC -0.00281123 0.00208495 0 15
16 DIRIC -0.00270554 0.00222038 0 16
17 DIRIC -0.00259333 0.00235046 0 17
18 DIRIC -0.00247487 0.00247487 0 18
19 DIRIC -0.00235046 0.00259333 0 19
20 DIRIC -0.00222038 0.00270554 0 20
21 DIRIC -0.00208495 0.00281123 0 21
22 DIRIC -0.0019445 0.00291014 0 22
23 DIRIC -0.00179936 0.00300205 0 23
24 DIRIC -0.00164989 0.00308672 0 24
25 DIRIC -0.00149644 0.00316396 0 25
26 DIRIC -0.00133939 0.00323358 0 26
27 DIRIC -0.00117911 0.0032954 0 27
28 DIRIC -0.001016 0.00334929 0 28
29 DIRIC -0.000850431 0.00339511 0 29
30 DIRIC -0.000682816 0.00343275 0 30
31 DIRIC -0.000513557 0.00346212 0 31
32 DIRIC -0.00034306 0.00348315 0 32
33 DIRIC -0.000171737 0.00349578 0 33
34 DIRIC 3.67147e-18 0.0035 0 34
35 DIRIC 0.000171737 0.00349578 0 35
36 DIRIC 0.00034306 0.00348315 0 36
37 DIRIC 0.000513557 0.00346212 0 37
38 DIRIC 0.000682816 0.00343275 0 38
39 DIRIC 0.000850431 0.00339511 0 39
40 DIRIC 0.001016 0.00334929 0 40
41 DIRIC 0.00117911 0.0032954 0 41
42 DIRIC 0.00133939 0.00323358 0 42
43 DIRIC 0.00149644 0.00316396 0 43
44 DIRIC 0.00164989 0.00308672 0 44
45 DIRIC 0.00179936 0.00300205 0 45
46 DIRIC 0.0019445 0.00291014 0 46
47 DIRIC 0.00208495 0.00281123 0 47
48 DIRIC 0.00222038 0.00270554 0 48
49 DIRIC 0.00235046 0.00259333 0 49
50 DIRIC 0.00247487 0.00247487 0 50
51 DIRIC 0.00259333 0.00235046 0 51
52 DIRIC 0.00270554 0.00222038 0 52
53 DIRIC 0.00281123 0.00208495 0 53
54 DIRIC 0.00291014 0.0019445 0 54
55 DIRIC 0.00300205 0.00179936 0 55
56 DIRIC 0.00308672 0.00164989 0 56
57 DIRIC 0.00316396 0.00149644 0 57
58 DIRIC 0.00323358 0.00133939 0 58
59 DIRIC 0.0032954 0.00117911 0 59
60 DIRIC 0.00334929 0.001016 0 60
61 DIRIC 0.00339511 0.000850431 0 61
62 DIRIC 0.00343275 0.000682816 0 62
63 DIRIC 0.00346212 0.000513557 0 63
64 DIRIC 0.00348315 0.00034306 0 64
65 DIRIC 0.00349578 0.000171737 0 65
66 DIRIC 0.0035 8.20019e-18 0 66
67 DIRIC 0.00349578 -0.000171737 0 67
68 DIRIC 0.00348315 -0.00034306 0 68
69 DIRIC 0.00346212 -0.000513557 0 69
70 DIRIC 0.00343275 -0.000682816 0 70
71 DIRIC 0.00339511 -0.000850431 0 71
72 DIRIC 0.00334929 -0.001016 0 72
73 DIRIC 0.0032954 -0.00117911 0 73
74 DIRIC 0.00323358 -0.00133939 0 74
75 DIRIC 0.00316396 -0.00149644 0 75
76 DIRIC 0.00308672 -0.00164989 0 76
77 DIRIC 0.00300205 -0.00179936 0 77
78 DIRIC 0.00291014 -0.0019445 0 78
79 DIRIC 0.00281123 -0.00208495 0 79
80 DIRIC 0.00270554 -0.00222038 0 80
81 DIRIC 0.00259333 -0.00235046 0 81
82 DIRIC 0.00247487 -0.00247487 0 82
83 DIRIC 0.00235046 -0.00259333 0 83
84 DIRIC 0.00222038 -0.00270554 0 84
85 DIRIC 0.00208495 -0.00281123 0 85
86 DIRIC 0.0019445 -0.00291014 0 86
87 DIRIC 0.00179936 -0.00300205 0 87
88 DIRIC 0.00164989 -0.00308672 0 88
89 DIRIC 0.00149644 -0.00316396 0 89
90 DIRIC 0.00133939 -0.00323358 0 90
91 DIRIC 0.00117911 -0.0032954 0 91
92 DIRIC 0.001016 -0.00334929 0 92
93 DIRIC 0.000850431 -0.00339511 0 93
94 DIRIC 0.000682816 -0.00343275 0 94
95 DIRIC 0.000513557 -0.00346212 0 95
96 DIRIC 0.00034306 -0.00348315 0 96
97 DIRIC 0.000171737 -0.00349578 0 97
98 DIRIC 2.55119e-17 -0.0035 0 98
99 DIRIC -0.000171737 -0.00349578 0 99
100 DIRIC -0.00034306 -0.00348315 0 100
101 DIRIC -0.000513557 -0.00346212 0 101
102 DIRIC -0.000682816 -0.00343275 0 102
103 DIRIC -0.000850431 -0.00339511 0 103
104 DIRIC -0.001016 -0.00334929 0 104
105 DIRIC -0.00117911 -0.0032954 0 105
106 DIRIC -0.00133939 -0.00323358 0 106
107 DIRIC -0.00149644 -0.00316396 0 107
108 DIRIC -0.00164989 -0.00308672 0 108
109 DIRIC -0.00179936 -0.00300205 0 109
110 DIRIC -0.0019445 -0.00291014 0 110
111 DIRIC -0.00208495 -0.00281123 0 111
112 DIRIC -0.00222038 -0.00270554 0 112
113 DIRIC -0.00235046 -0.00259333 0 113
114 DIRIC -0.00247487 -0.00247487 0 114
115 DIRIC -0.00259333 -0.00235046 0 115
116 DIRIC -0.00270554 -0.00222038 0 116
117 DIRIC -0.00281123 -0.00208495 0 117
118 DIRIC -0.00291014 -0.0019445 0 118
119 DIRIC -0.00300205 -0.00179936 0 119
120 DIRIC -0.00308672 -0.00164989 0 120
121 DIRIC -0.00316396 -0.00149644 0 121
122 DIRIC -0.00323358 -0.00133939 0 122
123 DIRIC -0.0032954 -0.00117911 0 123
124 DIRIC -0.00334929 -0.001016 0 124
125 DIRIC -0.00339511 -0.000850431 0 125
126 DIRIC -0.00343275 -0.000682816 0 126
127 DIRIC -0.00346212 -0.000513557 0 127
128 DIRIC -0.00348315 -0.00034306 0 128
129 DIRIC -0.00349578 -0.000171737 0 129
130 DIRIC -0.00249699 0.000122669 0 130
131 DIRIC -0.00248796 0.000245043 0 131
132 DIRIC -0.00247294 0.000366826 0 132
133 DIRIC -0.00245196 0.000487726 0 133
134 DIRIC -0.00242508 0.00060745 0 134
135 DIRIC -0.00239235 0.000725712 0 135
136 DIRIC -0.00235386 0.000842225 0 136
137 DIRIC -0.0023097 0.000956709 0 137
138 DIRIC -0.00225997 0.00106889 0 138
139 DIRIC -0.0022048 0.00117849 0 139
140 DIRIC -0.00214432 0.00128526 0 140
141 DIRIC -0.00207867 0.00138893 0 141
142 DIRIC -0.00200802 0.00148925 0 142
143 DIRIC -0.00193253 0.00158598 0 143
144 DIRIC -0.00185238 0.0016789 0 144
145 DIRIC -0.00176777 0.00176777 0 145
146 DIRIC -0.0016789 0.00185238 0 146
147 DIRIC -0.00158598 0.00193253 0 147
148 DIRIC -0.00148925 0.00200802 0 148
149 DIRIC -0.00138893 0.00207867 0 149
150 DIRIC -0.00128526 0.00214432 0 150
151 DIRIC -0.00117849 0.0022048 0 151
152 DIRIC -0.00106889 0.00225997 0 152
153 DIRIC -0.000956709 0.0023097 0 153
154 DIRIC -0.000842225 0.00235386 0 154
155 DIRIC -0.000725712 0.00239235 0 155
156 DIRIC -0.00060745 0.00242508 0 156
157 DIRIC -0.000487726 0.00245196 0 157
158 DIRIC -0.000366826 0.00247294 0 158
159 DIRIC -0.000245043 0.00248796 0 159
160 DIRIC -0.000122669 0.00249699 0 160
161 DIRIC 2.62248e-18 0.0025 0 161
162 DIRIC 0.000122669 0.00249699 0 162
163 DIRIC 0.000245043 0.00248796 0 163
164 DIRIC 0.000366826 0.00247294 0 164
165 DIRIC 0.000487726 0.00245196 0 165
166 DIRIC 0.00060745 0.00242508 0 166
167 DIRIC 0.000725712 0.00239235 0 167
168 DIRIC 0.000842225 0.00235386 0 168
169 DIRIC 0.000956709 0.0023097 0 169
170 DIRIC 0.00106889 0.00225997 0 170
171 DIRIC 0.00117849 0.0022048 0 171
172 DIRIC 0.00128526 0.00214432 0 172
173 DIRIC 0.00138893 0.00207867 0 173
174 DIRIC 0.00148925 0.00200802 0 174
175 DIRIC 0.00158598 0.00193253 0 175
176 DIRIC 0.0016789 0.00185238 0 176
177 DIRIC 0.00176777 0.00176777 0 177
178 DIRIC 0.00185238 0.0016789 0 178
179 DIRIC 0.00193253 0.00158598 0 179
180 DIRIC 0.00200802 0.00148925 0 180
181 DIRIC 0.00207867 0.00138893 0 181
182 DIRIC 0.00214432 0.00128526 0 182
183 DIRIC 0.0022048 0.00117849 0 183
184 DIRIC 0.00225997 0.00106889 0 184
185 DIRIC 0.0023097 0.000956709 0 185
186 DIRIC 0.00235386 0.000842225 0 186
187 DIRIC 0.00239235 0.000725712 0 187
188 DIRIC 0.00242508 0.00060745 0 188
189 DIRIC 0.00245196 0.000487726 0 189
190 DIRIC 0.00247294 0.000366826 0 190
191 DIRIC 0.00248796 0.000245043 0 191
192 DIRIC 0.00249699 0.000122669 0 192
193 DIRIC 0.0025 5.85728e-18 0 193
194 DIRIC 0.00249699 -0.000122669 0 194
195 DIRIC 0.00248796 -0.000245043 0 195
196 DIRIC 0.00247294 -0.000366826 0 196
197 DIRIC 0.00245196 -0.000487726 0 197
198 DIRIC 0.00242508 -0.00060745 0 198
199 DIRIC 0.00239235 -0.000725712 0 199
200 DIRIC 0.00235386 -0.000842225 0 200
201 DIRIC 0.0023097 -0.000956709 0 201
202 DIRIC 0.00225997 -0.00106889 0 202
203 DIRIC 0.0022048 -0.00117849 0 203
204 DIRIC 0.00214432 -0.00128526 0 204
205 DIRIC 0.00207867 -0.00138893 0 205
206 DIRIC 0.00200802 -0.00148925 0 206
207 DIRIC 0.00193253 -0.00158598 0 207
208 DIRIC 0.00185238 -0.0016789 0 208
209 DIRIC 0.00176777 -0.00176777 0 209
210 DIRIC 0.0016789 -0.00185238 0 210
211 DIRIC 0.00158598 -0.00193253 0 211
212 DIRIC 0.00148925 -0.00200802 0 212
213 DIRIC 0.00138893 -0.00207867 0 213
214 DIRIC 0.00128526 -0.00214432 0 214
215 DIRIC 0.00117849 -0.0022048 0 215
216 DIRIC 0.00106889 -0.00225997 0 216
217 DIRIC 0.000956709 -0.0023097 0 217
218 DIRIC 0.000842225 -0.00235386 0 218
219 DIRIC 0.000725712 -0.00239235 0 219
220 DIRIC 0.00060745 -0.00242508 0 220
221 DIRIC 0.000487726 -0.00245196 0 221
222 DIRIC 0.000366826 -0.00247294 0 222
223 DIRIC 0.000245043 -0.00248796 0 223
224 DIRIC 0.000122669 -0.00249699 0 224
225 DIRIC 1.82228e-17 -0.0025 0 225
226 DIRIC -0.000122669 -0.00249699 0 226
227 DIRIC -0.000245043 -0.00248796 0 227
228 DIRIC -0.000366826 -0.00247294 0 228
229 DIRIC -0.000487726 -0.00245196 0 229
230 DIRIC -0.00060745 -0.00242508 0 230
231 DIRIC -0.000725712 -0.00239235 0 231
232 DIRIC -0.000842225 -0.00235386 0 232
233 DIRIC -0.000956709 -0.0023097 0 233
234 DIRIC -0.00106889 -0.00225997 0 234
235 DIRIC -0.00117849 -0.0022048 0 235
236 DIRIC -0.00128526 -0.00214432 0 236
237 DIRIC -0.00138893 -0.00207867 0 237
238 DIRIC -0.00148925 -0.00200802 0 238
239 DIRIC -0.00158598 -0.00193253 0 239
240 DIRIC -0.0016789 -0.00185238 0 240
241 DIRIC -0.00176777 -0.00176777 0 241
242 DIRIC -0.00185238 -0.0016789 0 242
243 DIRIC -0.00193253 -0.00158598 0 243
244 DIRIC -0.00200802 -0.00148925 0 244
245 DIRIC -0.00207867 -0.00138893 0 245
246 DIRIC -0.00214432 -0.00128526 0 246
247 DIRIC -0.0022048 -0.00117849 0 247
248 DIRIC -0.00225997 -0.00106889 0 248
249 DIRIC -0.0023097 -0.000956709 0 249
250 DIRIC -0.00235386 -0.000842225 0 250
251 DIRIC -0.00239235 -0.000725712 0 251
252 DIRIC -0.00242508 -0.00060745 0 252
253 DIRIC -0.00245196 -0.000487726 0 253
254 DIRIC -0.00247294 -0.000366826 0 254
255 DIRIC -0.00248796 -0.000245043 0 255
256 DIRIC -0.00249699 -0.000122669 0 256
257 DIRIC -0.00348595 -0.000171254 0 257
258 DIRIC -0.00347334 -0.000342094 0 258
259 DIRIC -0.00345237 -0.000512111 0 259
260 DIRIC -0.00342309 -0.000680894 0 260
261 DIRIC -0.00338555 -0.000848037 0 261
262 DIRIC -0.00333987 -0.00101314 0 262
263 DIRIC -0.00328613 -0.0011758 0 263
264 DIRIC -0.00322448 -0.00133562 0 264
265 DIRIC -0.00315506 -0.00149223 0 265
266 DIRIC -0.00307804 -0.00164525 0 266
267 DIRIC -0.0029936 -0.0017943 0 267
268 DIRIC -0.00290195 -0.00193902 0 268
269 DIRIC -0.00280331 -0.00207908 0 269
270 DIRIC -0.00269792 -0.00221413 0 270
271 DIRIC -0.00258603 -0.00234384 0 271
272 DIRIC -0.00246791 -0.00246791 0 272
273 DIRIC -0.00234384 -0.00258603 0 273
274 DIRIC -0.00221413 -0.00269792 0 274
275 DIRIC -0.00207908 -0.00280331 0 275
276 DIRIC -0.00193902 -0.00290195 0 276
277 DIRIC -0.0017943 -0.0029936 0 277
278 DIRIC -0.00164525 -0.00307804 0 278
279 DIRIC -0.00149223 -0.00315506 0 279
280 DIRIC -0.00133562 -0.00322448 0 280
281 DIRIC -0.0011758 -0.00328613 0 281
282 DIRIC -0.00101314 -0.00333987 0 282
283 DIRIC -0.000848037 -0.00338555 0 283
284 DIRIC -0.000680894 -0.00342309 0 284
285 DIRIC -0.000512111 -0.00345237 0 285
286 DIRIC -0.000342094 -0.00347334 0 286
287 DIRIC -0.000171254 -0.00348595 0 287
288 DIRIC 2.54401e-17 -0.00349015 0 288
289 DIRIC 0.000171254 -0.00348595 0 289
290 DIRIC 0.000342094 -0.00347334 0 290
291 DIRIC 0.000512111 -0.00345237 0 291
292 DIRIC 0.000680894 -0.00342309 0 292
293 DIRIC 0.000848037 -0.00338555 0 293
294 DIRIC 0.00101314 -0.00333987 0 294
295 DIRIC 0.0011758 -0.00328613 0 295
296 DIRIC 0.00133562 -0.00322448 0 296
297 DIRIC 0.00149223 -0.00315506 0 297
298 DIRIC 0.00164525 -0.00307804 0 298
299 DIRIC 0.0017943 -0.0029936 0 299
300 DIRIC 0.00193902 -0.00290195 0 300
301 DIRIC 0.00207908 -0.00280331 0 301
302 DIRIC 0.00221413 -0.00269792 0 302
303 DIRIC 0.00234384 -0.00258603 0 303
304 DIRIC 0.00246791 -0.00246791 0 304
305 DIRIC 0.00258603 -0.00234384 0 305
306 DIRIC 0.00269792 -0.00221413 0 306
307 DIRIC 0.00280331 -0.00207908 0 307
308 DIRIC 0.00290195 -0.00193902 0 308
309 DIRIC 0.0029936 -0.0017943 0 309
310 DIRIC 0.00307804 -0.00164525 0 310
311 DIRIC 0.00315506 -0.00149223 0 311
312 DIRIC 0.00322448 -0.00133562 0 312
313 DIRIC 0.00328613 -0.0011758 0 313
314 DIRIC 0.00333987 -0.00101314 0 314
315 DIRIC 0.00338555 -0.000848037 0 315
316 DIRIC 0.00342309 -0.000680894 0 316
317 DIRIC 0.00345237 -0.000512111 0 317
318 DIRIC 0.00347334 -0.000342094 0 318
319 DIRIC 0.00348595 -0.000171254 0 319
320 DIRIC 0.00349015 8.17711e-18 0 320
321 DIRIC 0.00348595 0.000171254 0 321
322 DIRIC 0.00347334 0.000342094 0 322
323 DIRIC 0.00345237 0.000512111 0 323
324 DIRIC 0.00342309 0.000680894 0 324
325 DIRIC 0.00338555 0.000848037 0 325
326 DIRIC 0.00333987 0.00101314 0 326
327 DIRIC 0.00328613 0.0011758 0 327
328 DIRIC 0.00322448 0.00133562 0 328
329 DIRIC 0.00315506 0.00149223 0 329
330 DIRIC 0.00307804 0.00164525 0 330
331 DIRIC 0.0029936 0.0017943 0 331
332 DIRIC 0.00290195 0.00193902 0 332
333 DIRIC 0.00280331 0.00207908 0 333
334 DIRIC 0.00269792 0.00221413 0 334
335 DIRIC 0.00258603 0.00234384 0 335
336 DIRIC 0.00246791 0.00246791 0 336
337 DIRIC 0.00234384 0.00258603 0 337
338 DIRIC 0.00221413 0.00269792 0 338
339 DIRIC 0.00207908 0.00280331 0 339
340 DIRIC 0.00193902 0.00290195 0 340
341 DIRIC 0.0017943 0.0029936 0 341
342 DIRIC 0.00164525 0.00307804 0 342
343 DIRIC 0.00149223 0.00315506 0 343
344 DIRIC 0.00133562 0.00322448 0 344
345 DIRIC 0.0011758 0.00328613 0 345
346 DIRIC 0.00101314 0.00333987 0 346
347 DIRIC 0.000848037 0.00338555 0 347
348 DIRIC 0.000680894 0.00342309 0 348
349 DIRIC 0.000512111 0.00345237 0 349
350 DIRIC 0.000342094 0.00347334 0 350
351 DIRIC 0.000171254 0.00348595 0 351
352 DIRIC 3.66113e-18 0.00349015 0 352
353 DIRIC -0.000171254 0.00348595 0 353
354 DIRIC -0.000342094 0.00347334 0 354
355 DIRIC -0.000512111 0.00345237 0 355
356 DIRIC -0.000680894 0.00342309 0 356
357 DIRIC -0.000848037 0.00338555 0 357
358 DIRIC -0.00101314 0.00333987 0 358
359 DIRIC -0.0011758 0.00328613 0 359
360 DIRIC -0.00133562 0.00322448 0 360
361 DIRIC -0.00149223 0.00315506 0 361
362 DIRIC -0.00164525 0.00307804 0 362
363 DIRIC -0.0017943 0.0029936 0 363
364 DIRIC -0.00193902 0.00290195 0 364
365 DIRIC -0.00207908 0.00280331 0 365
366 DIRIC -0.00221413 0.00269792 0 366
367 DIRIC -0.00234384 0.00258603 0 367
368 DIRIC -0.00246791 0.00246791 0 368
369 DIRIC -0.00258603 0.00234384 0 369
370 DIRIC -0.00269792 0.00221413 0 370
371 DIRIC -0.00280331 0.00207908 0 371
372 DIRIC -0.00290195 0.00193902 0 372
373 DIRIC -0.0029936 0.0017943 0 373
374 DIRIC -0.00307804 0.00164525 0 374
375 DIRIC -0.00315506 0.00149223 0 375
376 DIRIC -0.00322448 0.00133562 0 376
377 DIRIC -0.00328613 0.0011758 0 377
378 DIRIC -0.00333987 0.00101314 0 378
379 DIRIC -0.00338555 0.000848037 0 379
380 DIRIC -0.00342309 0.000680894 0 380
381 DIRIC -0.00345237 0.000512111 0 381
382 DIRIC -0.00347334 0.000342094 0 382
383 DIRIC -0.00348595 0.000171254 0 383
384 DIRIC -0.00349015 1.20633e-21 0 384
385 DIRIC -0.00347463 -0.000170698 0 385
386 DIRIC -0.00346207 -0.000340984 0 386
387 DIRIC -0.00344117 -0.000510449 0 387
388 DIRIC -0.00341198 -0.000678684 0 388
389 DIRIC -0.00337457 -0.000845285 0 389
390 DIRIC -0.00332902 -0.00100985 0 390
391 DIRIC -0.00327546 -0.00117198 0 391
392 DIRIC -0.00321401 -0.00133129 0 392
393 DIRIC -0.00314482 -0.00148739 0 393
394 DIRIC -0.00306805 -0.00163991 0 394
395 DIRIC -0.00298388 -0.00178847 0 395
396 DIRIC -0.00289253 -0.00193273 0 396
397 DIRIC -0.00279422 -0.00207233 0 397
398 DIRIC -0.00268917 -0.00220694 0 398
399 DIRIC -0.00257764 -0.00233623 0 399
400 DIRIC -0.0024599 -0.0024599 0 400
401 DIRIC -0.00233623 -0.00257764 0 401
402 DIRIC -0.00220694 -0.00268917 0 402
403 DIRIC -0.00207233 -0.00279422 0 403
404 DIRIC -0.00193273 -0.00289253 0 404
405 DIRIC -0.00178847 -0.00298388 0 405
406 DIRIC -0.00163991 -0.00306805 0 406
407 DIRIC -0.00148739 -0.00314482 0 407
408 DIRIC -0.00133129 -0.00321401 0 408
409 DIRIC -0.00117198 -0.00327546 0 409
410 DIRIC -0.00100985 -0.00332902 0 410
411 DIRIC -0.000845285 -0.00337457 0 411
412 DIRIC -0.000678684 -0.00341198 0 412
413 DIRIC -0.000510449 -0.00344117 0 413
414 DIRIC -0.000340984 -0.00346207 0 414
415 DIRIC -0.000170698 -0.00347463 0 415
416 DIRIC 2.53576e-17 -0.00347882 0 416
417 DIRIC 0.000170698 -0.00347463 0 417
418 DIRIC 0.000340984 -0.00346207 0 418
419 DIRIC 0.000510449 -0.00344117 0 419
420 DIRIC 0.000678684 -0.00341198 0 420
421 DIRIC 0.000845285 -0.00337457 0 421
422 DIRIC 0.00100985 -0.00332902 0 422
423 DIRIC 0.00117198 -0.00327546 0 423
424 DIRIC 0.00133129 -0.00321401 0 424
425 DIRIC 0.00148739 -0.00314482 0 425
426 DIRIC 0.00163991 -0.00306805 0 426
427 DIRIC 0.00178847 -0.00298388 0 427
428 DIRIC 0.00193273 -0.00289253 0 428
429 DIRIC 0.00207233 -0.00279422 0 429
430 DIRIC 0.00220694 -0.00268917 0 430
431 DIRIC 0.00233623 -0.00257764 0 431
432 DIRIC 0.0024599 -0.0024599 0 432
433 DIRIC 0.00257764 -0.00233623 0 433
434 DIRIC 0.00268917 -0.00220694 0 434
435 DIRIC 0.00279422 -0.00207233 0 435
436 DIRIC 0.00289253 -0.00193273 0 436
437 DIRIC 0.00298388 -0.00178847 0 437
438 DIRIC 0.00306805 -0.00163991 0 438
439 DIRIC 0.00314482 -0.00148739 0 439
440 DIRIC 0.00321401 -0.00133129 0 440
441 DIRIC 0.00327546 -0.00117198 0 441
442 DIRIC 0.00332902 -0.00100985 0 442
443 DIRIC 0.00337457 -0.000845285 0 443
444 DIRIC 0.00341198 -0.000678684 0 444
445 DIRIC 0.00344117 -0.000510449 0 445
446 DIRIC 0.00346207 -0.000340984 0 446
447 DIRIC 0.00347463 -0.000170698 0 447
448 DIRIC 0.00347882 8.15057e-18 0 448
449 DIRIC 0.00347463 0.000170698 0 449
450 DIRIC 0.00346207 0.000340984 0 450
451 DIRIC 0.00344117 0.000510449 0 451
452 DIRIC 0.00341198 0.000678684 0 452
453 DIRIC 0.00337457 0.000845285 0 453
454 DIRIC 0.00332902 0.00100985 0 454
455 DIRIC 0.00327546 0.00117198 0 455
456 DIRIC 0.00321401 0.00133129 0 456
457 DIRIC 0.00314482 0.00148739 0 457
458 DIRIC 0.00306805 0.00163991 0 458
459 DIRIC 0.00298388 0.00178847 0 459
460 DIRIC 0.00289253 0.00193273 0 460
461 DIRIC 0.00279422 0.00207233 0 461
462 DIRIC 0.00268917 0.00220694 0 462
463 DIRIC 0.00257764 0.00233623 0 463
464 DIRIC 0.0024599 0.0024599 0 464
465 DIRIC 0.00233623 0.00257764 0 465
466 DIRIC 0.00220694 0.00268917 0 466
467 DIRIC 0.00207233 0.00279422 0 467
468 DIRIC 0.00193273 0.00289253 0 468
469 DIRIC 0.00178847 0.00298388 0 469
470 DIRIC 0.00163991 0.00306805 0 470
471 DIRIC 0.00148739 0.00314482 0 471
472 DIRIC 0.00133129 0.00321401 0 472
473 DIRIC 0.00117198 0.00327546 0 473
474 DIRIC 0.00100985 0.00332902 0 474
475 DIRIC 0.000845285 0.00337457 0 475
476 DIRIC 0.000678684 0.00341198 0 476
477 DIRIC 0.000510449 0.00344117 0 477
478 DIRIC 0.000340984 0.00346207 0 478
479 DIRIC 0.000170698 0.00347463 0 479
480 DIRIC 3.64925e-18 0.00347882 0 480
481 DIRIC -0.000170698 0.00347463 0 481
482 DIRIC -0.000340984 0.00346207 0 482
483 DIRIC -0.000510449 0.00344117 0 483
484 DIRIC -0.000678684 0.00341198 0 484
485 DIRIC -0.000845285 0.00337457 0 485
486 DIRIC -0.00100985 0.00332902 0 486
487 DIRIC -0.00117198 0.00327546 0 487
488 DIRIC -0.00133129 0.00321401 0 488
489 DIRIC -0.00148739 0.00314482 0 489
490 DIRIC -0.00163991 0.00306805 0 490
491 DIRIC -0.00178847 0.00298388 0 491
492 DIRIC -0.00193273 0.00289253 0 492
493 DIRIC -0.00207233 0.00279422 0 493
494 DIRIC -0.00220694 0.00268917 0 494
495 DIRIC -0.00233623 0.00257764 0 495
496 DIRIC -0.0024599 0.0024599 0 496
497 DIRIC -0.00257764 0.00233623 0 497
498 DIRIC -0.00268917 0.00220694 0 498
499 DIRIC -0.00279422 0.00207233 0 499
500 DIRIC -0.00289253 0.00193273 0 500
501 DIRIC -0.00298388 0.00178847 0 501
502 DIRIC -0.00306805 0.00163991 0 502
503 DIRIC -0.00314482 0.00148739 0 503
504 DIRIC -0.00321401 0.00133129 0 504
505 DIRIC -0.00327546 0.00117198 0 505
506 DIRIC -0.00332902 0.00100985 0 506
507 DIRIC -0.00337457 0.000845285 0 507
508 DIRIC -0.00341198 0.000678684 0 508
509 DIRIC -0.00344117 0.000510449 0 509
510 DIRIC -0.00346207 0.000340984 0 510
511 DIRIC -0.00347463 0.000170698 0 511
512 DIRIC -0.00347882 2.5936e-21 0 512
513 DIRIC -0.00346162 -0.000170058 0 513
514 DIRIC -0.00344911 -0.000339707 0 514
515 DIRIC -0.00342828 -0.000508538 0 515
516 DIRIC -0.0033992 -0.000676143 0 516
517 DIRIC -0.00336193 -0.000842119 0 517
518 DIRIC -0.00331656 -0.00100607 0 518
519 DIRIC -0.0032632 -0.00116759 0 519
520 DIRIC -0.00320198 -0.0013263 0 520
521 DIRIC -0.00313304 -0.00148182 0 521
522 DIRIC -0.00305656 -0.00163376 0 522
523 DIRIC -0.00297271 -0.00178177 0 523
524 DIRIC -0.0028817 -0.00192549 0 524
525 DIRIC -0.00278375 -0.00206457 0 525
526 DIRIC -0.0026791 -0.00219868 0 526
527 DIRIC -0.00256798 -0.00232749 0 527
528 DIRIC -0.00245069 -0.00245069 0 528
529 DIRIC -0.00232749 -0.00256798 0 529
530 DIRIC -0.00219868 -0.0026791 0 530
531 DIRIC -0.00206457 -0.00278375 0 531
532 DIRIC -0.00192549 -0.0028817 0 532
533 DIRIC -0.00178177 -0.00297271 0 533
534 DIRIC -0.00163376 -0.00305656 0 534
535 DIRIC -0.00148182 -0.00313304 0 535
536 DIRIC -0.0013263 -0.00320198 0 536
537 DIRIC -0.00116759 -0.0032632 0 537
538 DIRIC -0.00100607 -0.00331656 0 538
539 DIRIC -0.000842119 -0.00336193 0 539
540 DIRIC -0.000676143 -0.0033992 0 540
541 DIRIC -0.000508538 -0.00342828 0 541
542 DIRIC -0.000339707 -0.00344911 0 542
543 DIRIC -0.000170058 -0.00346162 0 543
544 DIRIC 2.52626e-17 -0.00346579 0 544
545 DIRIC 0.000170058 -0.00346162 0 545
546 DIRIC 0.000339707 -0.00344911 0 546
547 DIRIC 0.000508538 -0.00342828 0 547
548 DIRIC 0.000676143 -0.0033992 0 548
549 DIRIC 0.000842119 -0.00336193 0 549
550 DIRIC 0.00100607 -0.00331656 0 550
551 DIRIC 0.00116759 -0.0032632 0 551
552 DIRIC 0.0013263 -0.00320198 0 552
553 DIRIC 0.00148182 -0.00313304 0 553
554 DIRIC 0.00163376 -0.00305656 0 554
555 DIRIC 0.00178177 -0.00297271 0 555
556 DIRIC 0.00192549 -0.0028817 0 556
557 DIRIC 0.00206457 -0.00278375 0 557
558 DIRIC 0.00219868 -0.0026791 0 558
559 DIRIC 0.00232749 -0.00256798 0 559
560 DIRIC 0.00245069 -0.00245069 0 560
561 DIRIC 0.00256798 -0.00232749 0 561
562 DIRIC 0.0026791 -0.00219868 0 562
563 DIRIC 0.00278375 -0.00206457 0 563
564 DIRIC 0.0028817 -0.00192549 0 564
565 DIRIC 0.00297271 -0.00178177 0 565
566 DIRIC 0.00305656 -0.00163376 0 566
567 DIRIC 0.00313304 -0.00148182 0 567
568 DIRIC 0.00320198 -0.0013263 0 568
569 DIRIC 0.0032632 -0.00116759 0 569
570 DIRIC 0.00331656 -0.00100607 0 570
571 DIRIC 0.00336193 -0.000842119 0 571
572 DIRIC 0.0033992 -0.000676143 0 572
573 DIRIC 0.00342828 -0.000508538 0 573
574 DIRIC 0.00344911 -0.000339707 0 574
575 DIRIC 0.00346162 -0.000170058 0 575
576 DIRIC 0.00346579 8.12005e-18 0 576
577 DIRIC 0.00346162 0.000170058 0 577
578 DIRIC 0.00344911 0.000339707 0 578
579 DIRIC 0.00342828 0.000508538 0 579
580 DIRIC 0.0033992 0.000676143 0 580
581 DIRIC 0.00336193 0.000842119 0 581
582 DIRIC 0.00331656 0.00100607 0 582
583 DIRIC 0.0032632 0.00116759 0 583
584 DIRIC 0.00320198 0.0013263 0 584
585 DIRIC 0.00313304 0.00148182 0 585
586 DIRIC 0.00305656 0.00163376 0 586
587 DIRIC 0.00297271 0.00178177 0 587
588 DIRIC 0.0028817 0.00192549 0 588
589 DIRIC 0.00278375 0.00206457 0 589
590 DIRIC 0.0026791 0.00219868 0 590
591 DIRIC 0.00256798 0.00232749 0 591
592 DIRIC 0.00245069 0.00245069 0 592
593 DIRIC 0.00232749 0.00256798 0 593
594 DIRIC 0.00219868 0.0026791 0 594
595 DIRIC 0.00206457 0.00278375 0 595
596 DIRIC 0.00192549 0.0028817 0 596
597 DIRIC 0.00178177 0.00297271 0 597
598 DIRIC 0.00163376 0.00305656 0 598
599 DIRIC 0.00148182 0.00313304 0 599
600 DIRIC 0.0013263 0.00320198 0 600
601 DIRIC 0.00116759 0.0032632 0 601
602 DIRIC 0.00100607 0.00331656 0 602
603 DIRIC 0.000842119 0.00336193 0 603
604 DIRIC 0.000676143 0.0033992 0 604
605 DIRIC 0.000508538 0.00342828 0 605
606 DIRIC 0.000339707 0.00344911 0 606
607 DIRIC 0.000170058 0.00346162 0 607
608 DIRIC 3.63559e-18 0.00346579 0 608
609 DIRIC -0.000170058 0.00346162 0 609
610 DIRIC -0.000339707 0.00344911 0 610
611 DIRIC -0.000508538 0.00342828 0 611
612 DIRIC -0.000676143 0.0033992 0 612
613 DIRIC -0.000842119 0.00336193 0 613
614 DIRIC -0.00100607 0.00331656 0 614
615 DIRIC -0.00116759 0.0032632 0 615
616 DIRIC -0.0013263 0.00320198 0 616
617 DIRIC -0.00148182 0.00313304 0 617
618 DIRIC -0.00163376 0.00305656 0 618
619 DIRIC -0.00178177 0.00297271 0 619
620 DIRIC -0.00192549 0.0028817 0 620
621 DIRIC -0.00206457 0.00278375 0 621
622 DIRIC -0.00219868 0.0026791 0 622
623 DIRIC -0.00232749 0.00256798 0 623
624 DIRIC -0.00245069 0.00245069 0 624
625 DIRIC -0.00256798 0.00232749 0 625
626 DIRIC -0.0026791 0.00219868 0 626
627 DIRIC -0.00278375 0.00206457 0 627
628 DIRIC -0.0028817 0.00192549 0 628
629 DIRIC -0.00297271 0.00178177 0 629
630 DIRIC -0.00305656 0.00163376 0 630
631 DIRIC -0.00313304 0.00148182 0 631
632 DIRIC -0.00320198 0.0013263 0 632
633 DIRIC -0.0032632 0.00116759 0 633
634 DIRIC -0.00331656 0.00100607 0 634
635 DIRIC -0.00336193 0.000842119 0 635
636 DIRIC -0.0033992 0.000676143 0 636
637 DIRIC -0.00342828 0.000508538 0 637
638 DIRIC -0.00344911 0.000339707 0 638
639 DIRIC -0.00346162 0.000170058 0 639
640 DIRIC -0.00346579 4.18897e-21 0 640
641 DIRIC -0.00344666 -0.000169323 0 641
642 DIRIC -0.0034342 -0.000338239 0 642
643 DIRIC -0.00341346 -0.000506339 0 643
644 DIRIC -0.00338451 -0.00067322 0 644
645 DIRIC -0.0033474 -0.000838479 0 645
646 DIRIC -0.00330222 -0.00100172 0 646
647 DIRIC -0.00324909 -0.00116254 0 647
648 DIRIC -0.00318814 -0.00132057 0 648
649 DIRIC -0.0031195 -0.00147541 0 649
650 DIRIC -0.00304335 -0.0016267 0 650
651 DIRIC -0.00295986 -0.00177407 0 651
652 DIRIC -0.00286925 -0.00191717 0 652
653 DIRIC -0.00277172 -0.00205565 0 653
654 DIRIC -0.00266751 -0.00218917 0 654
655 DIRIC -0.00255688 -0.00231742 0 655
656 DIRIC -0.00244009 -0.00244009 0 656
657 DIRIC -0.00231742 -0.00255688 0 657
658 DIRIC -0.00218917 -0.00266751 0 658
659 DIRIC -0.00205565 -0.00277172 0 659
660 DIRIC -0.00191717 -0.00286925 0 660
661 DIRIC -0.00177407 -0.00295986 0 661
662 DIRIC -0.0016267 -0.00304335 0 662
663 DIRIC -0.00147541 -0.0031195 0 663
664 DIRIC -0.00132057 -0.00318814 0 664
665 DIRIC -0.00116254 -0.00324909 0 665
666 DIRIC -0.00100172 -0.00330222 0 666
667 DIRIC -0.000838479 -0.0033474 0 667
668 DIRIC -0.00067322 -0.00338451 0 668
669 DIRIC -0.000506339 -0.00341346 0 669
670 DIRIC -0.000338239 -0.0034342 0 670
671 DIRIC -0.000169323 -0.00344666 0 671
672 DIRIC 2.51534e-17 -0.00345081 0 672
673 DIRIC 0.000169323 -0.00344666 0 673
674 DIRIC 0.000338239 -0.0034342 0 674
675 DIRIC 0.000506339 -0.00341346 0 675
676 DIRIC 0.00067322 -0.00338451 0 676
677 DIRIC 0.000838479 -0.0033474 0 677
678 DIRIC 0.00100172 -0.00330222 0 678
679 DIRIC 0.00116254 -0.00324909 0 679
680 DIRIC 0.00132057 -0.00318814 0 680
681 DIRIC 0.00147541 -0.0031195 0 681
682 DIRIC 0.0016267 -0.00304335 0 682
683 DIRIC 0.00177407 -0.00295986 0 683
684 DIRIC 0.00191717 -0.00286925 0 684
685 DIRIC 0.00205565 -0.00277172 0 685
686 DIRIC 0.00218917 -0.00266751 0 686
687 DIRIC 0.00231742 -0.00255688 0 687
688 DIRIC 0.00244009 -0.00244009 0 688
689 DIRIC 0.00255688 -0.00231742 0 689
690 DIRIC 0.00266751 -0.00218917 0 690
691 DIRIC 0.00277172 -0.00205565 0 691
692 DIRIC 0.00286925 -0.00191717 0 692
693 DIRIC 0.00295986 -0.00177407 0 693
694 DIRIC 0.00304335 -0.0016267 0 694
695 DIRIC 0.0031195 -0.00147541 0 695
696 DIRIC 0.00318814 -0.00132057 0 696
697 DIRIC 0.00324909 -0.00116254 0 697
698 DIRIC 0.00330222 -0.00100172 0 698
699 DIRIC 0.0033474 -0.000838479 0 699
700 DIRIC 0.00338451 -0.00067322 0 700
701 DIRIC 0.00341346 -0.000506339 0 701
702 DIRIC 0.0034342 -0.000338239 0 702
703 DIRIC 0.00344666 -0.000169323 0 703
704 DIRIC 0.00345081 8.08495e-18 0 704
705 DIRIC 0.00344666 0.000169323 0 705
706 DIRIC 0.0034342 0.000338239 0 706
707 DIRIC 0.00341346 0.000506339 0 707
708 DIRIC 0.00338451 0.00067322 0 708
709 DIRIC 0.0033474 0.000838479 0 709
710 DIRIC 0.00330222 0.00100172 0 710
711 DIRIC 0.00324909 0.00116254 0 711
712 DIRIC 0.00318814 0.00132057 0 712
713 DIRIC 0.0031195 0.00147541 0 713
714 DIRIC 0.00304335 0.0016267 0 714
715 DIRIC 0.00295986 0.00177407 0 715
716 DIRIC 0.00286925 0.00191717 0 716
717 DIRIC 0.00277172 0.00205565 0 717
718 DIRIC 0.00266751 0.00218917 0 718
719 DIRIC 0.00255688 0.00231742 0 719
720 DIRIC 0.00244009 0.00244009 0 720
721 DIRIC 0.00231742 0.00255688 0 721
722 DIRIC 0.00218917 0.00266751 0 722
723 DIRIC 0.00205565 0.00277172 0 723
724 DIRIC 0.00191717 0.00286925 0 724
725 DIRIC 0.00177407 0.00295986 0 725
726 DIRIC 0.0016267 0.00304335 0 726
727 DIRIC 0.00147541 0.0031195 0 727
728 DIRIC 0.00132057 0.00318814 0 728
729 DIRIC 0.00116254 0.00324909 0 729
730 DIRIC 0.00100172 0.00330222 0 730
731 DIRIC 0.000838479 0.0033474 0 731
732 DIRIC 0.00067322 0.00338451 0 732
733 DIRIC 0.000506339 0.00341346 0 733
734 DIRIC 0.000338239 0.0034342 0 734
735 DIRIC 0.000169323 0.00344666 0 735
736 DIRIC 3.61987e-18 0.00345081 0 736
737 DIRIC -0.000169323 0.00344666 0 737
738 DIRIC -0.000338239 0.0034342 0 738
739 DIRIC -0.000506339 0.00341346 0 739
740 DIRIC -0.00067322 0.00338451 0 740
741 DIRIC -0.000838479 0.0033474 0 741
742 DIRIC -0.00100172 0.00330222 0 742
743 DIRIC -0.00116254 0.00324909 0 743
744 DIRIC -0.00132057 0.00318814 0 744
745 DIRIC -0.00147541 0.0031195 0 745
746 DIRIC -0.0016267 0.00304335 0 746
747 DIRIC -0.00177407 0.00295986 0 747
748 DIRIC -0.00191717 0.00286925 0 748
749 DIRIC -0.00205565 0.00277172 0 749
750 DIRIC -0.00218917 0.00266751 0 750
751 DIRIC -0.00231742 0.00255688 0 751
752 DIRIC -0.00244009 0.00244009 0 752
753 DIRIC -0.00255688 0.00231742 0 753
754 DIRIC -0.00266751 0.00218917 0 754
755 DIRIC -0.00277172 0.00205565 0 755
756 DIRIC -0.00286925 0.00191717 0 756
757 DIRIC -0.00295986 0.00177407 0 757
758 DIRIC -0.00304335 0.0016267 0 758
759 DIRIC -0.0031195 0.00147541 0 759
760 DIRIC -0.00318814 0.00132057 0 760
761 DIRIC -0.00324909 0.00116254 0 761
762 DIRIC -0.00330222 0.00100172 0 762
763 DIRIC -0.0033474 0.000838479 0 763
764 DIRIC -0.00338451 0.00067322 0 764
765 DIRIC -0.00341346 0.000506339 0 765
766 DIRIC -0.0034342 0.000338239 0 766
767 DIRIC -0.00344666 0.000169323 0 767
768 DIRIC -0.00345081 6.02365e-21 0 768
769 DIRIC -0.00342945 -0.000168478 0 769
770 DIRIC -0.00341705 -0.00033655 0 770
771 DIRIC -0.00339642 -0.000503812 0 771
772 DIRIC -0.00336761 -0.000669859 0 772
773 DIRIC -0.00333068 -0.000834293 0 773
774 DIRIC -0.00328574 -0.000996717 0 774
775 DIRIC -0.00323287 -0.00115674 0 775
776 DIRIC -0.00317222 -0.00131398 0 776
777 DIRIC -0.00310392 -0.00146805 0 777
778 DIRIC -0.00302815 -0.00161858 0 778
779 DIRIC -0.00294508 -0.00176522 0 779
780 DIRIC -0.00285492 -0.0019076 0 780
781 DIRIC -0.00275788 -0.00204538 0 781
782 DIRIC -0.0026542 -0.00217824 0 782
783 DIRIC -0.00254412 -0.00230585 0 783
784 DIRIC -0.00242791 -0.00242791 0 784
785 DIRIC -0.00230585 -0.00254412 0 785
786 DIRIC -0.00217824 -0.0026542 0 786
787 DIRIC -0.00204538 -0.00275788 0 787
788 DIRIC -0.0019076 -0.00285492 0 788
789 DIRIC -0.00176522 -0.00294508 0 789
790 DIRIC -0.00161858 -0.00302815 0 790
791 DIRIC -0.00146805 -0.00310392 0 791
792 DIRIC -0.00131398 -0.00317222 0 792
793 DIRIC -0.00115674 -0.00323287 0 793
794 DIRIC -0.000996717 -0.00328574 0 794
795 DIRIC -0.000834293 -0.00333068 0 795
796 DIRIC -0.000669859 -0.00336761 0 796
797 DIRIC -0.000503812 -0.00339642 0 797
798 DIRIC -0.00033655 -0.00341705 0 798
799 DIRIC -0.000168478 -0.00342945 0 799
800 DIRIC 2.50278e-17 -0.00343358 0 800
801 DIRIC 0.000168478 -0.00342945 0 801
802 DIRIC 0.00033655 -0.00341705 0 802
803 DIRIC 0.000503812 -0.00339642 0 803
804 DIRIC 0.000669859 -0.00336761 0 804
805 DIRIC 0.000834293 -0.00333068 0 805
806 DIRIC 0.000996717 -0.00328574 0 806
807 DIRIC 0.00115674 -0.00323287 0 807
808 DIRIC 0.00131398 -0.00317222 0 808
809 DIRIC 0.00146805 -0.00310392 0 809
810 DIRIC 0.00161858 -0.00302815 0 810
811 DIRIC 0.00176522 -0.00294508 0 811
812 DIRIC 0.0019076 -0.00285492 0 812
813 DIRIC 0.00204538 -0.00275788 0 813
814 DIRIC 0.00217824 -0.0026542 0 814
815 DIRIC 0.00230585 -0.00254412 0 815
816 DIRIC 0.00242791 -0.00242791 0 816
817 DIRIC 0.00254412 -0.00230585 0 817
818 DIRIC 0.0026542 -0.00217824 0 818
819 DIRIC 0.00275788 -0.00204538 0 819
820 DIRIC 0.00285492 -0.0019076 0 820
821 DIRIC 0.00294508 -0.00176522 0 821
822 DIRIC 0.00302815 -0.00161858 0 822
823 DIRIC 0.00310392 -0.00146805 0 823
824 DIRIC 0.00317222 -0.00131398 0 824
825 DIRIC 0.00323287 -0.00115674 0 825
826 DIRIC 0.00328574 -0.000996717 0 826
827 DIRIC 0.00333068 -0.000834293 0 827
828 DIRIC 0.00336761 -0.000669859 0 828
829 DIRIC 0.00339642 -0.000503812 0 829
830 DIRIC 0.00341705 -0.00033655 0 830
831 DIRIC 0.00342945 -0.000168478 0 831
832 DIRIC 0.00343358 8.04458e-18 0 832
833 DIRIC 0.00342945 0.000168478 0 833
834 DIRIC 0.00341705 0.00033655 0 834
835 DIRIC 0.00339642 0.000503812 0 835
836 DIRIC 0.00336761 0.000669859 0 836
837 DIRIC 0.00333068 0.000834293 0 837
838 DIRIC 0.00328574 0.000996717 0 838
839 DIRIC 0.00323287 0.00115674 0 839
840 DIRIC 0.00317222 0.00131398 0 840
841 DIRIC 0.00310392 0.00146805 0 841
842 DIRIC 0.00302815 0.00161858 0 842
843 DIRIC 0.00294508 0.00176522 0 843
844 DIRIC 0.00285492 0.0019076 0 844
845 DIRIC 0.00275788 0.00204538 0 845
846 DIRIC 0.0026542 0.00217824 0 846
847 DIRIC 0.00254412 0.00230585 0 847
848 DIRIC 0.00242791 0.00242791 0 848
849 DIRIC 0.00230585 0.00254412 0 849
850 DIRIC 0.00217824 0.0026542 0 850
851 DIRIC 0.00204538 0.00275788 0 851
852 DIRIC 0.0019076 0.00285492 0 852
853 DIRIC 0.00176522 0.00294508 0 853
854 DIRIC 0.00161858 0.00302815 0 854
855 DIRIC 0.00146805 0.00310392 0 855
856 DIRIC 0.00131398 0.00317222 0 856
857 DIRIC 0.00115674 0.00323287 0 857
858 DIRIC 0.000996717 0.00328574 0 858
859 DIRIC 0.000834293 0.00333068 0 859
860 DIRIC 0.000669859 0.00336761 0 860
861 DIRIC 0.000503812 0.00339642 0 861
862 DIRIC 0.00033655 0.00341705 0 862
863 DIRIC 0.000168478 0.00342945 0 863
864 DIRIC 3.6018e-18 0.00343358 0 864
865 DIRIC -0.000168478 0.00342945 0 865
866 DIRIC -0.00033655 0.00341705 0 866
867 DIRIC -0.000503812 0.00339642 0 867
868 DIRIC -0.000669859 0.00336761 0 868
869 DIRIC -0.000834293 0.00333068 0 869
870 DIRIC -0.000996717 0.00328574 0 870
871 DIRIC -0.00115674 0.00323287 0 871
872 DIRIC -0.00131398 0.00317222 0 872
873 DIRIC -0.00146805 0.00310392 0 873
874 DIRIC -0.00161858 0.00302815 0 874
875 DIRIC -0.00176522 0.00294508 0 875
876 DIRIC -0.0019076 0.00285492 0 876
877 DIRIC -0.00204538 0.00275788 0 877
878 DIRIC -0.00217824 0.0026542 0 878
879 DIRIC -0.00230585 0.00254412 0 879
880 DIRIC -0.00242791 0.00242791 0 880
881 DIRIC -0.00254412 0.00230585 0 881
882 DIRIC -0.0026542 0.00217824 0 882
883 DIRIC -0.00275788 0.00204538 0 883
884 DIRIC -0.00285492 0.0019076 0 884
885 DIRIC -0.00294508 0.00176522 0 885
886 DIRIC -0.00302815 0.00161858 0 886
887 DIRIC -0.00310392 0.00146805 0 887
888 DIRIC -0.00317222 0.00131398 0 888
889 DIRIC -0.00323287 0.00115674 0 889
890 DIRIC -0.00328574 0.000996717 0 890
891 DIRIC -0.00333068 0.000834293 0 891
892 DIRIC -0.00336761 0.000669859 0 892
893 DIRIC -0.00339642 0.000503812 0 893
894 DIRIC -0.00341705 0.00033655 0 894
895 DIRIC -0.00342945 0.000168478 0 895
896 DIRIC -0.00343358 8.13352e-21 0 896
897 DIRIC -0.00340966 -0.000167506 0 897
898 DIRIC -0.00339733 -0.000334608 0 898
899 DIRIC -0.00337682 -0.000500904 0 899
900 DIRIC -0.00334818 -0.000665994 0 900
901 DIRIC -0.00331147 -0.000829479 0 901
902 DIRIC -0.00326678 -0.000990966 0 902
903 DIRIC -0.00321422 -0.00115007 0 903
904 DIRIC -0.00315391 -0.00130639 0 904
905 DIRIC -0.00308601 -0.00145958 0 905
906 DIRIC -0.00301068 -0.00160924 0 906
907 DIRIC -0.00292809 -0.00175503 0 907
908 DIRIC -0.00283845 -0.00189659 0 908
909 DIRIC -0.00274197 -0.00203358 0 909
910 DIRIC -0.00263888 -0.00216567 0 910
911 DIRIC -0.00252944 -0.00229255 0 911
912 DIRIC -0.0024139 -0.0024139 0 912
913 DIRIC -0.00229255 -0.00252944 0 913
914 DIRIC -0.00216567 -0.00263888 0 914
915 DIRIC -0.00203358 -0.00274197 0 915
916 DIRIC -0.00189659 -0.00283845 0 916
917 DIRIC -0.00175503 -0.00292809 0 917
918 DIRIC -0.00160924 -0.00301068 0 918
919 DIRIC -0.00145958 -0.00308601 0 919
920 DIRIC -0.00130639 -0.00315391 0 920
921 DIRIC -0.00115007 -0.00321422 0 921
922 DIRIC -0.000990966 -0.00326678 0 922
923 DIRIC -0.000829479 -0.00331147 0 923
924 DIRIC -0.000665994 -0.00334818 0 924
925 DIRIC -0.000500904 -0.00337682 0 925
926 DIRIC -0.000334608 -0.00339733 0 926
927 DIRIC -0.000167506 -0.00340966 0 927
928 DIRIC 2.48834e-17 -0.00341377 0 928
929 DIRIC 0.000167506 -0.00340966 0 929
930 DIRIC 0.000334608 -0.00339733 0 930
931 DIRIC 0.000500904 -0.00337682 0 931
932 DIRIC 0.000665994 -0.00334818 0 932
933 DIRIC 0.000829479 -0.00331147 0 933
934 DIRIC 0.000990966 -0.00326678 0 934
935 DIRIC 0.00115007 -0.00321422 0 935
936 DIRIC 0.00130639 -0.00315391 0 936
937 DIRIC 0.00145958 -0.00308601 0 937
938 DIRIC 0.00160924 -0.00301068 0 938
939 DIRIC 0.00175503 -0.00292809 0 939
940 DIRIC 0.00189659 -0.00283845 0 940
941 DIRIC 0.00203358 -0.00274197 0 941
942 DIRIC 0.00216567 -0.00263888 0 942
943 DIRIC 0.00229255 -0.00252944 0 943
944 DIRIC 0.0024139 -0.0024139 0 944
945 DIRIC 0.00252944 -0.00229255 0 945
946 DIRIC 0.00263888 -0.00216567 0 946
947 DIRIC 0.00274197 -0.00203358 0 947
948 DIRIC 0.00283845 -0.00189659 0 948
949 DIRIC 0.00292809 -0.00175503 0 949
950 DIRIC 0.00301068 -0.00160924 0 950
951 DIRIC 0.00308601 -0.00145958 0 951
952 DIRIC 0.00315391 -0.00130639 0 952
953 DIRIC 0.00321422 -0.00115007 0 953
954 DIRIC 0.00326678 -0.000990966 0 954
955 DIRIC 0.00331147 -0.000829479 0 955
956 DIRIC 0.00334818 -0.000665994 0 956
957 DIRIC 0.00337682 -0.000500904 0 957
958 DIRIC 0.00339733 -0.000334608 0 958
959 DIRIC 0.00340966 -0.000167506 0 959
960 DIRIC 0.00341377 7.99816e-18 0 960
961 DIRIC 0.00340966 0.000167506 0 961
962 DIRIC 0.00339733 0.000334608 0 962
963 DIRIC 0.00337682 0.000500904 0 963
964 DIRIC 0.00334818 0.000665994 0 964
965 DIRIC 0.00331147 0.000829479 0 965
966 DIRIC 0.00326678 0.000990966 0 966
967 DIRIC 0.00321422 0.00115007 0 967
968 DIRIC 0.00315391 0.00130639 0 968
969 DIRIC 0.00308601 0.00145958 0 969
970 DIRIC 0.00301068 0.00160924 0 970
971 DIRIC 0.00292809 0.00175503 0 971
972 DIRIC 0.00283845 0.00189659 0 972
973 DIRIC 0.00274197 0.00203358 0 973
974 DIRIC 0.00263888 0.00216567 0 974
975 DIRIC 0.00252944 0.00229255 0 975
976 DIRIC 0.0024139 0.0024139 0 976
977 DIRIC 0.00229255 0.00252944 0 977
978 DIRIC 0.00216567 0.00263888 0 978
979 DIRIC 0.00203358 0.00274197 0 979
980 DIRIC 0.00189659 0.00283845 0 980
981 DIRIC 0.00175503 0.00292809 0 981
982 DIRIC 0.00160924 0.00301068 0 982
983 DIRIC 0.00145958 0.00308601 0 983
984 DIRIC 0.00130639 0.00315391 0 984
985 DIRIC 0.00115007 0.00321422 0 985
986 DIRIC 0.000990966 0.00326678 0 986
987 DIRIC 0.000829479 0.00331147 0 987
988 DIRIC 0.000665994 0.00334818 0 988
989 DIRIC 0.000500904 0.00337682 0 989
990 DIRIC 0.000334608 0.00339733 0 990
991 DIRIC 0.000167506 0.00340966 0 991
992 DIRIC 3.58102e-18 0.00341377 0 992
993 DIRIC -0.000167506 0.00340966 0 993
994 DIRIC -0.000334608 0.00339733 0 994
995 DIRIC -0.000500904 0.00337682 0 995
996 DIRIC -0.000665994 0.00334818 0 996
997 DIRIC -0.000829479 0.00331147 0 997
998 DIRIC -0.000990966 0.00326678 0 998
999 DIRIC -0.00115007 0.00321422 0 999
1000 DIRIC -0.00130639 0.00315391 0 1000
1001 DIRIC -0.00145958 0.00308601 0 1001
1002 DIRIC -0.00160924 0.00301068 0 1002
1003 DIRIC -0.00175503 0.00292809 0 1003
1004 DIRIC -0.00189659 0.00283845 0 1004
1005 DIRIC -0.00203358 0.00274197 0 1005
1006 DIRIC -0.00216567 0.00263888 0 1006
1007 DIRIC -0.00229255 0.00252944 0 1007
1008 DIRIC -0.0024139 0.0024139 0 1008
1009 DIRIC -0.00252944 0.00229255 0 1009
1010 DIRIC -0.00263888 0.00216567 0 1010
1011 DIRIC -0.00274197 0.00203358 0 1011
1012 DIRIC -0.00283845 0.00189659 0 1012
1013 DIRIC -0.00292809 0.00175503 0 1013
1014 DIRIC -0.00301068 0.00160924 0 1014
1015 DIRIC -0.00308601 0.00145958 0 1015
1016 DIRIC -0.00315391 0.00130639 0 1016
1017 DIRIC -0.00321422 0.00115007 0 1017
1018 DIRIC -0.00326678 0.000990966 0 1018
1019 DIRIC -0.00331147 0.000829479 0 1019
1020 DIRIC -0.00334818 0.000665994 0 1020
1021 DIRIC -0.00337682 0.000500904 0 1021
1022 DIRIC -0.00339733 0.000334608 0 1022
1023 DIRIC -0.00340966 0.000167506 0 1023
1024 DIRIC -0.00341377 1.05599e-20 0 1024
1025 DIRIC -0.0033869 -0.000166388 0 1025
1026 DIRIC -0.00337466 -0.000332375 0 1026
1027 DIRIC -0.00335429 -0.000497561 0 1027
1028 DIRIC -0.00332583 -0.000661549 0 1028
1029 DIRIC -0.00328936 -0.000823943 0 1029
1030 DIRIC -0.00324497 -0.000984352 0 1030
1031 DIRIC -0.00319276 -0.00114239 0 1031
1032 DIRIC -0.00313286 -0.00129767 0 1032
1033 DIRIC -0.00306542 -0.00144983 0 1033
1034 DIRIC -0.00299058 -0.0015985 0 1034
1035 DIRIC -0.00290855 -0.00174332 0 1035
1036 DIRIC -0.0028195 -0.00188393 0 1036
1037 DIRIC -0.00272367 -0.00202001 0 1037
1038 DIRIC -0.00262127 -0.00215122 0 1038
1039 DIRIC -0.00251256 -0.00227725 0 1039
1040 DIRIC -0.00239779 -0.00239779 0 1040
1041 DIRIC -0.00227725 -0.00251256 0 1041
1042 DIRIC -0.00215122 -0.00262127 0 1042
1043 DIRIC -0.00202001 -0.00272367 0 1043
1044 DIRIC -0.00188393 -0.0028195 0 1044
1045 DIRIC -0.00174332 -0.00290855 0 1045
1046 DIRIC -0.0015985 -0.00299058 0 1046
1047 DIRIC -0.00144983 -0.00306542 0 1047
1048 DIRIC -0.00129767 -0.00313286 0 1048
1049 DIRIC -0.00114239 -0.00319276 0 1049
1050 DIRIC -0.000984352 -0.00324497 0 1050
1051 DIRIC -0.000823943 -0.00328936 0 1051
1052 DIRIC -0.000661549 -0.00332583 0 1052
1053 DIRIC -0.000497561 -0.00335429 0 1053
1054 DIRIC -0.000332375 -0.00337466 0 1054
1055 DIRIC -0.000166388 -0.0033869 0 1055
1056 DIRIC 2.47173e-17 -0.00339099 0 1056
1057 DIRIC 0.000166388 -0.0033869 0 1057
1058 DIRIC 0.000332375 -0.00337466 0 1058
1059 DIRIC 0.000497561 -0.00335429 0 1059
1060 DIRIC 0.000661549 -0.00332583 0 1060
1061 DIRIC 0.000823943 -0.00328936 0 1061
1062 DIRIC 0.000984352 -0.00324497 0 1062
1063 DIRIC 0.00114239 -0.00319276 0 1063
1064 DIRIC 0.00129767 -0.00313286 0 1064
1065 DIRIC 0.00144983 -0.00306542 0 1065
1066 DIRIC 0.0015985 -0.00299058 0 1066
1067 DIRIC 0.00174332 -0.00290855 0 1067
1068 DIRIC 0.00188393 -0.0028195 0 1068
1069 DIRIC 0.00202001 -0.00272367 0 1069
1070 DIRIC 0.00215122 -0.00262127 0 1070
1071 DIRIC 0.00227725 -0.00251256 0 1071
1072 DIRIC 0.00239779 -0.00239779 0 1072
1073 DIRIC 0.00251256 -0.00227725 0 1073
1074 DIRIC 0.00262127 -0.00215122 0 1074
1075 DIRIC 0.00272367 -0.00202001 0 1075
1076 DIRIC 0.0028195 -0.00188393 0 1076
1077 DIRIC 0.00290855 -0.00174332 0 1077
1078 DIRIC 0.00299058 -0.0015985 0 1078
1079 DIRIC 0.00306542 -0.00144983 0 1079
1080 DIRIC 0.00313286 -0.00129767 0 1080
1081 DIRIC 0.00319276 -0.00114239 0 1081
1082 DIRIC 0.00324497 -0.000984352 0 1082
1083 DIRIC 0.00328936 -0.000823943 0 1083
1084 DIRIC 0.00332583 -0.000661549 0 1084
1085 DIRIC 0.00335429 -0.000497561 0 1085
1086 DIRIC 0.00337466 -0.000332375 0 1086
1087 DIRIC 0.0033869 -0.000166388 0 1087
1088 DIRIC 0.00339099 7.94478e-18 0 1088
1089 DIRIC 0.0033869 0.000166388 0 1089
1090 DIRIC 0.00337466 0.000332375 0 1090
1091 DIRIC 0.00335429 0.000497561 0 1091
1092 DIRIC 0.00332583 0.000661549 0 1092
1093 DIRIC 0.00328936 0.000823943 0 1093
1094 DIRIC 0.00324497 0.000984352 0 1094
1095 DIRIC 0.00319276 0.00114239 0 1095
1096 DIRIC 0.00313286 0.00129767 0 1096
1097 DIRIC 0.00306542 0.00144983 0 1097
1098 DIRIC 0.00299058 0.0015985 0 1098
1099 DIRIC 0.00290855 0.00174332 0 1099
1100 DIRIC 0.0028195 0.00188393 0 1100
1101 DIRIC 0.00272367 0.00202001 0 1101
1102 DIRIC 0.00262127 0.00215122 0 1102
1103 DIRIC 0.00251256 0.00227725 0 1103
1104 DIRIC 0.00239779 0.00239779 0 1104
1105 DIRIC 0.00227725 0.00251256 0 1105
1106 DIRIC 0.00215122 0.00262127 0 1106
1107 DIRIC 0.00202001 0.00272367 0 1107
1108 DIRIC 0.00188393 0.0028195 0 1108
1109 DIRIC 0.00174332 0.00290855 0 1109
1110 DIRIC 0.0015985 0.00299058 0 1110
1111 DIRIC 0.00144983 0.00306542 0 1111
1112 DIRIC 0.00129767 0.00313286 0 1112
1113 DIRIC 0.00114239 0.00319276 0 1113
1114 DIRIC 0.000984352 0.00324497 0 1114
1115 DIRIC 0.000823943 0.00328936 0 1115
1116 DIRIC 0.000661549 0.00332583 0 1116
1117 DIRIC 0.000497561 0.00335429 0 1117
1118 DIRIC 0.000332375 0.00337466 0 1118
1119 DIRIC 0.000166388 0.0033869 0 1119
1120 DIRIC 3.55711e-18 0.00339099 0 1120
1121 DIRIC -0.000166388 0.0033869 0 1121
1122 DIRIC -0.000332375 0.00337466 0 1122
1123 DIRIC -0.000497561 0.00335429 0 1123
1124 DIRIC -0.000661549 0.00332583 0 1124
1125 DIRIC -0.000823943 0.00328936 0 1125
1126 DIRIC -0.000984352 0.00324497 0 1126
1127 DIRIC -0.00114239 0.00319276 0 1127
1128 DIRIC -0.00129767 0.00313286 0 1128
1129 DIRIC -0.00144983 0.00306542 0 1129
1130 DIRIC -0.0015985 0.00299058 0 1130
1131 DIRIC -0.00174332 0.00290855 0 1131
1132 DIRIC -0.00188393 0.0028195 0 1132
1133 DIRIC -0.00202001 0.00272367 0 1133
1134 DIRIC -0.00215122 0.00262127 0 1134
1135 DIRIC -0.00227725 0.00251256 0 1135
1136 DIRIC -0.00239779 0.00239779 0 1136
1137 DIRIC -0.00251256 0.00227725 0 1137
1138 DIRIC -0.00262127 0.00215122 0 1138
1139 DIRIC -0.00272367 0.00202001 0 1139
1140 DIRIC -0.0028195 0.00188393 0 1140
1141 DIRIC -0.00290855 0.00174332 0 1141
1142 DIRIC -0.00299058 0.0015985 0 1142
1143 DIRIC -0.00306542 0.00144983 0 1143
1144 DIRIC -0.00313286 0.00129767 0 1144
1145 DIRIC -0.00319276 0.00114239 0 1145
1146 DIRIC -0.00324497 0.000984352 0 1146
1147 DIRIC -0.00328936 0.000823943 0 1147
1148 DIRIC -0.00332583 0.000661549 0 1148
1149 DIRIC -0.00335429 0.000497561 0 1149
1150 DIRIC -0.00337466 0.000332375 0 1150
1151 DIRIC -0.0033869 0.000166388 0 1151
1152 DIRIC -0.00339099 1.33502e-20 0 1152
1153 DIRIC -0.00336073 -0.000165102 0 1153
1154 DIRIC -0.00334858 -0.000329807 0 1154
1155 DIRIC -0.00332837 -0.000493717 0 1155
1156 DIRIC -0.00330013 -0.000656437 0 1156
1157 DIRIC -0.00326395 -0.000817576 0 1157
1158 DIRIC -0.0032199 -0.000976746 0 1158
1159 DIRIC -0.00316809 -0.00113356 0 1159
1160 DIRIC -0.00310866 -0.00128765 0 1160
1161 DIRIC -0.00304173 -0.00143863 0 1161
1162 DIRIC -0.00296748 -0.00158615 0 1162
1163 DIRIC -0.00288607 -0.00172985 0 1163
1164 DIRIC -0.00279772 -0.00186937 0 1164
1165 DIRIC -0.00270262 -0.0020044 0 1165
1166 DIRIC -0.00260101 -0.0021346 0 1166
1167 DIRIC -0.00249314 -0.00225965 0 1167
1168 DIRIC -0.00237926 -0.00237926 0 1168
1169 DIRIC -0.00225965 -0.00249314 0 1169
1170 DIRIC -0.0021346 -0.00260101 0 1170
1171 DIRIC -0.0020044 -0.00270262 0 1171
1172 DIRIC -0.00186937 -0.00279772 0 1172
1173 DIRIC -0.00172985 -0.00288607 0 1173
1174 DIRIC -0.00158615 -0.00296748 0 1174
1175 DIRIC -0.00143863 -0.00304173 0 1175
1176 DIRIC -0.00128765 -0.00310866 0 1176
1177 DIRIC -0.00113356 -0.00316809 0 1177
1178 DIRIC -0.000976746 -0.0032199 0 1178
1179 DIRIC -0.000817576 -0.00326395 0 1179
1180 DIRIC -0.000656437 -0.00330013 0 1180
1181 DIRIC -0.000493717 -0.00332837 0 1181
1182 DIRIC -0.000329807 -0.00334858 0 1182
1183 DIRIC -0.000165102 -0.00336073 0 1183
1184 DIRIC 2.45263e-17 -0.00336479 0 1184
1185 DIRIC 0.000165102 -0.00336073 0 1185
1186 DIRIC 0.000329807 -0.00334858 0 1186
1187 DIRIC 0.000493717 -0.00332837 0 1187
1188 DIRIC 0.000656437 -0.00330013 0 1188
1189 DIRIC 0.000817576 -0.00326395 0 1189
1190 DIRIC 0.000976746 -0.0032199 0 1190
1191 DIRIC 0.00113356 -0.00316809 0 1191
1192 DIRIC 0.00128765 -0.00310866 0 1192
1193 DIRIC 0.00143863 -0.00304173 0 1193
1194 DIRIC 0.00158615 -0.00296748 0 1194
1195 DIRIC 0.00172985 -0.00288607 0 1195
1196 DIRIC 0.00186937 -0.00279772 0 1196
1197 DIRIC 0.0020044 -0.00270262 0 1197
1198 DIRIC 0.0021346 -0.00260101 0 1198
1199 DIRIC 0.00225965 -0.00249314 0 1199
1200 DIRIC 0.00237926 -0.00237926 0 1200
1201 DIRIC 0.00249314 -0.00225965 0 1201
1202 DIRIC 0.00260101 -0.0021346 0 1202
1203 DIRIC 0.00270262 -0.0020044 0 1203
1204 DIRIC 0.00279772 -0.00186937 0 1204
1205 DIRIC 0.00288607 -0.00172985 0 1205
1206 DIRIC 0.00296748 -0.00158615 0 1206
1207 DIRIC 0.00304173 -0.00143863 0 1207
1208 DIRIC 0.00310866 -0.00128765 0 1208
1209 DIRIC 0.00316809 -0.00113356 0 1209
1210 DIRIC 0.0032199 -0.000976746 0 1210
1211 DIRIC 0.00326395 -0.000817576 0 1211
1212 DIRIC 0.00330013 -0.000656437 0 1212
1213 DIRIC 0.00332837 -0.000493717 0 1213
1214 DIRIC 0.00334858 -0.000329807 0 1214
1215 DIRIC 0.00336073 -0.000165102 0 1215
1216 DIRIC 0.00336479 7.88339e-18 0 1216
1217 DIRIC 0.00336073 0.000165102 0 1217
1218 DIRIC 0.00334858 0.000329807 0 1218
1219 DIRIC 0.00332837 0.000493717 0 1219
1220 DIRIC 0.00330013 0.000656437 0 1220
1221 DIRIC 0.00326395 0.000817576 0 1221
1222 DIRIC 0.0032199 0.000976746 0 1222
1223 DIRIC 0.00316809 0.00113356 0 1223
1224 DIRIC 0.00310866 0.00128765 0 1224
1225 DIRIC 0.00304173 0.00143863 0 1225
1226 DIRIC 0.00296748 0.00158615 0 1226
1227 DIRIC 0.00288607 0.00172985 0 1227
1228 DIRIC 0.00279772 0.00186937 0 1228
1229 DIRIC 0.00270262 0.0020044 0 1229
1230 DIRIC 0.00260101 0.0021346 0 1230
1231 DIRIC 0.00249314 0.00225965 0 1231
1232 DIRIC 0.00237926 0.00237926 0 1232
1233 DIRIC 0.00225965 0.00249314 0 1233
1234 DIRIC 0.0021346 0.00260101 0 1234
1235 DIRIC 0.0020044 0.00270262 0 1235
1236 DIRIC 0.00186937 0.00279772 0 1236
1237 DIRIC 0.00172985 0.00288607 0 1237
1238 DIRIC 0.00158615 0.00296748 0 1238
1239 DIRIC 0.00143863 0.00304173 0 1239
1240 DIRIC 0.00128765 0.00310866 0 1240
1241 DIRIC 0.00113356 0.00316809 0 1241
1242 DIRIC 0.000976746 0.0032199 0 1242
1243 DIRIC 0.000817576 0.00326395 0 1243
1244 DIRIC 0.000656437 0.00330013 0 1244
1245 DIRIC 0.000493717 0.00332837 0 1245
1246 DIRIC 0.000329807 0.00334858 0 1246
1247 DIRIC 0.000165102 0.00336073 0 1247
1248 DIRIC 3.52963e-18 0.00336479 0 1248
1249 DIRIC -0.000165102 0.00336073 0 1249
1250 DIRIC -0.000329807 0.00334858 0 1250
1251 DIRIC -0.000493717 0.00332837 0 1251
1252 DIRIC -0.000656437 0.00330013 0 1252
1253 DIRIC -0.000817576 0.00326395 0 1253
1254 DIRIC -0.000976746 0.0032199 0 1254
1255 DIRIC -0.00113356 0.00316809 0 1255
1256 DIRIC -0.00128765 0.00310866 0 1256
1257 DIRIC -0.00143863 0.00304173 0 1257
1258 DIRIC -0.00158615 0.00296748 0 1258
1259 DIRIC -0.00172985 0.00288607 0 1259
1260 DIRIC -0.00186937 0.00279772 0 1260
1261 DIRIC -0.0020044 0.00270262 0 1261
1262 DIRIC -0.0021346 0.00260101 0 1262
1263 DIRIC -0.00225965 0.00249314 0 1263
1264 DIRIC -0.00237926 0.00237926 0 1264
1265 DIRIC -0.00249314 0.00225965 0 1265
1266 DIRIC -0.00260101 0.0021346 0 1266
1267 DIRIC -0.00270262 0.0020044 0 1267
1268 DIRIC -0.00279772 0.00186937 0 1268
1269 DIRIC -0.00288607 0.00172985 0 1269
1270 DIRIC -0.00296748 0.00158615 0 1270
1271 DIRIC -0.00304173 0.00143863 0 1271
1272 DIRIC -0.00310866 0.00128765 0 1272
1273 DIRIC -0.00316809 0.00113356 0 1273
1274 DIRIC -0.0032199 0.000976746 0 1274
1275 DIRIC -0.00326395 0.000817576 0 1275
1276 DIRIC -0.00330013 0.000656437 0 1276
1277 DIRIC -0.00332837 0.000493717 0 1277
1278 DIRIC -0.00334858 0.000329807 0 1278
1279 DIRIC -0.00336073 0.000165102 0 1279
1280 DIRIC -0.00336479 1.6559e-20 0 1280
1281 DIRIC -0.00333064 -0.000163624 0 1281
1282 DIRIC -0.0033186 -0.000326853 0 1282
1283 DIRIC -0.00329856 -0.000489295 0 1283
1284 DIRIC -0.00327058 -0.000650558 0 1284
1285 DIRIC -0.00323472 -0.000810254 0 1285
1286 DIRIC -0.00319106 -0.000967999 0 1286
1287 DIRIC -0.00313972 -0.00112341 0 1287
1288 DIRIC -0.00308082 -0.00127612 0 1288
1289 DIRIC -0.00301449 -0.00142575 0 1289
1290 DIRIC -0.0029409 -0.00157194 0 1290
1291 DIRIC -0.00286023 -0.00171435 0 1291
1292 DIRIC -0.00277266 -0.00185263 0 1292
1293 DIRIC -0.00267842 -0.00198645 0 1293
1294 DIRIC -0.00257772 -0.00211548 0 1294
1295 DIRIC -0.00247081 -0.00223942 0 1295
1296 DIRIC -0.00235796 -0.00235796 0 1296
1297 DIRIC -0.00223942 -0.00247081 0 1297
1298 DIRIC -0.00211548 -0.00257772 0 1298
1299 DIRIC -0.00198645 -0.00267842 0 1299
1300 DIRIC -0.00185263 -0.00277266 0 1300
1301 DIRIC -0.00171435 -0.00286023 0 1301
1302 DIRIC -0.00157194 -0.0029409 0 1302
1303 DIRIC -0.00142575 -0.00301449 0 1303
1304 DIRIC -0.00127612 -0.00308082 0 1304
1305 DIRIC -0.00112341 -0.00313972 0 1305
1306 DIRIC -0.000967999 -0.00319106 0 1306
1307 DIRIC -0.000810254 -0.00323472 0 1307
1308 DIRIC -0.000650558 -0.00327058 0 1308
1309 DIRIC -0.000489295 -0.00329856 0 1309
1310 DIRIC -0.000326853 -0.0033186 0 1310
1311 DIRIC -0.000163624 -0.00333064 0 1311
1312 DIRIC 2.43067e-17 -0.00333465 0 1312
1313 DIRIC 0.000163624 -0.00333064 0 1313
1314 DIRIC 0.000326853 -0.0033186 0 1314
1315 DIRIC 0.000489295 -0.00329856 0 1315
1316 DIRIC 0.000650558 -0.00327058 0 1316
1317 DIRIC 0.000810254 -0.00323472 0 1317
1318 DIRIC 0.000967999 -0.00319106 0 1318
1319 DIRIC 0.00112341 -0.00313972 0 1319
1320 DIRIC 0.00127612 -0.00308082 0 1320
1321 DIRIC 0.00142575 -0.00301449 0 1321
1322 DIRIC 0.00157194 -0.0029409 0 1322
1323 DIRIC 0.00171435 -0.00286023 0 1323
1324 DIRIC 0.00185263 -0.00277266 0 1324
1325 DIRIC 0.00198645 -0.00267842 0 1325
1326 DIRIC 0.00211548 -0.00257772 0 1326
1327 DIRIC 0.00223942 -0.00247081 0 1327
1328 DIRIC 0.00235796 -0.00235796 0 1328
1329 DIRIC 0.00247081 -0.00223942 0 1329
1330 DIRIC 0.00257772 -0.00211548 0 1330
1331 DIRIC 0.00267842 -0.00198645 0 1331
1332 DIRIC 0.00277266 -0.00185263 0 1332
1333 DIRIC 0.00286023 -0.00171435 0 1333
1334 DIRIC 0.0029409 -0.00157194 0 1334
1335 DIRIC 0.00301449 -0.00142575 0 1335
1336 DIRIC 0.00308082 -0.00127612 0 1336
1337 DIRIC 0.00313972 -0.00112341 0 1337
1338 DIRIC 0.00319106 -0.000967999 0 1338
1339 DIRIC 0.00323472 -0.000810254 0 1339
1340 DIRIC 0.00327058 -0.000650558 0 1340
1341 DIRIC 0.00329856 -0.000489295 0 1341
1342 DIRIC 0.0033186 -0.000326853 0 1342
1343 DIRIC 0.00333064 -0.000163624 0 1343
1344 DIRIC 0.00333465 7.81279e-18 0 1344
1345 DIRIC 0.00333064 0.000163624 0 1345
1346 DIRIC 0.0033186 0.000326853 0 1346
1347 DIRIC 0.00329856 0.000489295 0 1347
1348 DIRIC 0.00327058 0.000650558 0 1348
1349 DIRIC 0.00323472 0.000810254 0 1349
1350 DIRIC 0.00319106 0.000967999 0 1350
1351 DIRIC 0.00313972 0.00112341 0 1351
1352 DIRIC 0.00308082 0.00127612 0 1352
1353 DIRIC 0.00301449 0.00142575 0 1353
1354 DIRIC 0.0029409 0.00157194 0 1354
1355 DIRIC 0.00286023 0.00171435 0 1355
1356 DIRIC 0.00277266 0.00185263 0 1356
1357 DIRIC 0.00267842 0.00198645 0 1357
1358 DIRIC 0.00257772 0.00211548 0 1358
1359 DIRIC 0.00247081 0.00223942 0 1359
1360 DIRIC 0.00235796 0.00235796 0 1360
1361 DIRIC 0.00223942 0.00247081 0 1361
1362 DIRIC 0.00211548 0.00257772 0 1362
1363 DIRIC 0.00198645 0.00267842 0 1363
1364 DIRIC 0.00185263 0.00277266 0 1364
1365 DIRIC 0.00171435 0.00286023 0 1365
1366 DIRIC 0.00157194 0.0029409 0 1366
1367 DIRIC 0.00142575 0.00301449 0 1367
1368 DIRIC 0.00127612 0.00308082 0 1368
1369 DIRIC 0.00112341 0.00313972 0 1369
1370 DIRIC 0.000967999 0.00319106 0 1370
1371 DIRIC 0.000810254 0.00323472 0 1371
1372 DIRIC 0.000650558 0.00327058 0 1372
1373 DIRIC 0.000489295 0.00329856 0 1373
1374 DIRIC 0.000326853 0.0033186 0 1374
1375 DIRIC 0.000163624 0.00333064 0 1375
1376 DIRIC 3.49802e-18 0.00333465 0 1376
1377 DIRIC -0.000163624 0.00333064 0 1377
1378 DIRIC -0.000326853 0.0033186 0 1378
1379 DIRIC -0.000489295 0.00329856 0 1379
1380 DIRIC -0.000650558 0.00327058 0 1380
1381 DIRIC -0.000810254 0.00323472 0 1381
1382 DIRIC -0.000967999 0.00319106 0 1382
1383 DIRIC -0.00112341 0.00313972 0 1383
1384 DIRIC -0.00127612 0.00308082 0 1384
1385 DIRIC -0.00142575 0.00301449 0 1385
1386 DIRIC -0.00157194 0.0029409 0 1386
1387 DIRIC -0.00171435 0.00286023 0 1387
1388 DIRIC -0.00185263 0.00277266 0 1388
1389 DIRIC -0.00198645 0.00267842 0 1389
1390 DIRIC -0.00211548 0.00257772 0 1390
1391 DIRIC -0.00223942 0.00247081 0 1391
1392 DIRIC -0.00235796 0.00235796 0 1392
1393 DIRIC -0.00247081 0.00223942 0 1393
1394 DIRIC -0.00257772 0.00211548 0 1394
1395 DIRIC -0.00267842 0.00198645 0 1395
1396 DIRIC -0.00277266 0.00185263 0 1396
1397 DIRIC -0.00286023 0.00171435 0 1397
1398 DIRIC -0.0029409 0.00157194 0 1398
1399 DIRIC -0.00301449 0.00142575 0 1399
1400 DIRIC -0.00308082 0.00127612 0 1400
1401 DIRIC -0.00313972 0.00112341 0 1401
1402 DIRIC -0.00319106 0.000967999 0 1402
1403 DIRIC -0.00323472 0.000810254 0 1403
1404 DIRIC -0.00327058 0.000650558 0 1404
1405 DIRIC -0.00329856 0.000489295 0 1405
1406 DIRIC -0.0033186 0.000326853 0 1406
1407 DIRIC -0.00333064 0.000163624 0 1407
1408 DIRIC -0.00333465 2.02492e-20 0 1408
1409 DIRIC -0.00329603 -0.000161923 0 1409
1410 DIRIC -0.00328411 -0.000323457 0 1410
1411 DIRIC -0.00326428 -0.000484211 0 1411
1412 DIRIC -0.00323659 -0.000643798 0 1412
1413 DIRIC -0.0032011 -0.000801835 0 1413
1414 DIRIC -0.0031579 -0.000957939 0 1414
1415 DIRIC -0.0031071 -0.00111174 0 1415
1416 DIRIC -0.0030488 -0.00126286 0 1416
1417 DIRIC -0.00298316 -0.00141093 0 1417
1418 DIRIC -0.00291034 -0.00155561 0 1418
1419 DIRIC -0.0028305 -0.00169654 0 1419
1420 DIRIC -0.00274385 -0.00183338 0 1420
1421 DIRIC -0.00265058 -0.00196581 0 1421
1422 DIRIC -0.00255093 -0.0020935 0 1422
1423 DIRIC -0.00244514 -0.00221614 0 1423
1424 DIRIC -0.00233345 -0.00233345 0 1424
1425 DIRIC -0.00221614 -0.00244514 0 1425
1426 DIRIC -0.0020935 -0.00255093 0 1426
1427 DIRIC -0.00196581 -0.00265058 0 1427
1428 DIRIC -0.00183338 -0.00274385 0 1428
1429 DIRIC -0.00169654 -0.0028305 0 1429
1430 DIRIC -0.00155561 -0.00291034 0 1430
1431 DIRIC -0.00141093 -0.00298316 0 1431
1432 DIRIC -0.00126286 -0.0030488 0 1432
1433 DIRIC -0.00111174 -0.0031071 0 1433
1434 DIRIC -0.000957939 -0.0031579 0 1434
1435 DIRIC -0.000801835 -0.0032011 0 1435
1436 DIRIC -0.000643798 -0.00323659 0 1436
1437 DIRIC -0.000484211 -0.00326428 0 1437
1438 DIRIC -0.000323457 -0.00328411 0 1438
1439 DIRIC -0.000161923 -0.00329603 0 1439
1440 DIRIC 2.40541e-17 -0.0033 0 1440
1441 DIRIC 0.000161923 -0.00329603 0 1441
1442 DIRIC 0.000323457 -0.00328411 0 1442
1443 DIRIC 0.000484211 -0.00326428 0 1443
1444 DIRIC 0.000643798 -0.00323659 0 1444
1445 DIRIC 0.000801835 -0.0032011 0 1445
1446 DIRIC 0.000957939 -0.0031579 0 1446
1447 DIRIC 0.00111174 -0.0031071 0 1447
1448 DIRIC 0.00126286 -0.0030488 0 1448
1449 DIRIC 0.00141093 -0.00298316 0 1449
1450 DIRIC 0.00155561 -0.00291034 0 1450
1451 DIRIC 0.00169654 -0.0028305 0 1451
1452 DIRIC 0.00183338 -0.00274385 0 1452
1453 DIRIC 0.00196581 -0.00265058 0 1453
1454 DIRIC 0.0020935 -0.00255093 0 1454
1455 DIRIC 0.00221614 -0.00244514 0 1455
1456 DIRIC 0.00233345 -0.00233345 0 1456
1457 DIRIC 0.00244514 -0.00221614 0 1457
1458 DIRIC 0.00255093 -0.0020935 0 1458
1459 DIRIC 0.00265058 -0.00196581 0 1459
1460 DIRIC 0.00274385 -0.00183338 0 1460
1461 DIRIC 0.0028305 -0.00169654 0 1461
1462 DIRIC 0.00291034 -0.00155561 0 1462
1463 DIRIC 0.00298316 -0.00141093 0 1463
1464 DIRIC 0.0030488 -0.00126286 0 1464
1465 DIRIC 0.0031071 -0.00111174 0 1465
1466 DIRIC 0.0031579 -0.000957939 0 1466
1467 DIRIC 0.0032011 -0.000801835 0 1467
1468 DIRIC 0.00323659 -0.000643798 0 1468
1469 DIRIC 0.00326428 -0.000484211 0 1469
1470 DIRIC 0.00328411 -0.000323457 0 1470
1471 DIRIC 0.00329603 -0.000161923 0 1471
1472 DIRIC 0.0033 7.73161e-18 0 1472
1473 DIRIC 0.00329603 0.000161923 0 1473
1474 DIRIC 0.00328411 0.000323457 0 1474
1475 DIRIC 0.00326428 0.000484211 0 1475
1476 DIRIC 0.00323659 0.000643798 0 1476
1477 DIRIC 0.0032011 0.000801835 0 1477
1478 DIRIC 0.0031579 0.000957939 0 1478
1479 DIRIC 0.0031071 0.00111174 0 1479
1480 DIRIC 0.0030488 0.00126286 0 1480
1481 DIRIC 0.00298316 0.00141093 0 1481
1482 DIRIC 0.00291034 0.00155561 0 1482
1483 DIRIC 0.0028305 0.00169654 0 1483
1484 DIRIC 0.00274385 0.00183338 0 1484
1485 DIRIC 0.00265058 0.00196581 0 1485
1486 DIRIC 0.00255093 0.0020935 0 1486
1487 DIRIC 0.00244514 0.00221614 0 1487
1488 DIRIC 0.00233345 0.00233345 0 1488
1489 DIRIC 0.00221614 0.00244514 0 1489
1490 DIRIC 0.0020935 0.00255093 0 1490
1491 DIRIC 0.00196581 0.00265058 0 1491
1492 DIRIC 0.00183338 0.00274385 0 1492
1493 DIRIC 0.00169654 0.0028305 0 1493
1494 DIRIC 0.00155561 0.00291034 0 1494
1495 DIRIC 0.00141093 0.00298316 0 1495
1496 DIRIC 0.00126286 0.0030488 0 1496
1497 DIRIC 0.00111174 0.0031071 0 1497
1498 DIRIC 0.000957939 0.0031579 0 1498
1499 DIRIC 0.000801835 0.0032011 0 1499
1500 DIRIC 0.000643798 0.00323659 0 1500
1501 DIRIC 0.000484211 0.00326428 0 1501
1502 DIRIC 0.000323457 0.00328411 0 1502
1503 DIRIC 0.000161923 0.00329603 0 1503
1504 DIRIC 3.46167e-18 0.0033 0 1504
1505 DIRIC -0.000161923 0.00329603 0 1505
1506 DIRIC -0.000323457 0.00328411 0 1506
1507 DIRIC -0.000484211 0.00326428 0 1507
1508 DIRIC -0.000643798 0.00323659 0 1508
1509 DIRIC -0.000801835 0.0032011 0 1509
1510 DIRIC -0.000957939 0.0031579 0 1510
1511 DIRIC -0.00111174 0.0031071 0 1511
1512 DIRIC -0.00126286 0.0030488 0 1512
1513 DIRIC -0.00141093 0.00298316 0 1513
1514 DIRIC -0.00155561 0.00291034 0 1514
1515 DIRIC -0.00169654 0.0028305 0 1515
1516 DIRIC -0.00183338 0.00274385 0 1516
1517 DIRIC -0.00196581 0.00265058 0 1517
1518 DIRIC -0.0020935 0.00255093 0 1518
1519 DIRIC -0.00221614 0.00244514 0 1519
1520 DIRIC -0.00233345 0.00233345 0 1520
1521 DIRIC -0.00244514 0.00221614 0 1521
1522 DIRIC -0.00255093 0.0020935 0 1522
1523 DIRIC -0.00265058 0.00196581 0 1523
1524 DIRIC -0.00274385 0.00183338 0 1524
1525 DIRIC -0.0028305 0.00169654 0 1525
1526 DIRIC -0.00291034 0.00155561 0 1526
1527 DIRIC -0.00298316 0.00141093 0 1527
1528 DIRIC -0.0030488 0.00126286 0 1528
1529 DIRIC -0.0031071 0.00111174 0 1529
1530 DIRIC -0.0031579 0.000957939 0 1530
1531 DIRIC -0.0032011 0.000801835 0 1531
1532 DIRIC -0.00323659 0.000643798 0 1532
1533 DIRIC -0.00326428 0.000484211 0 1533
1534 DIRIC -0.00328411 0.000323457 0 1534
1535 DIRIC -0.00329603 0.000161923 0 1535
1536 DIRIC -0.0033 2.44929e-20 0 1536
1537 DIRIC -0.00316425 -0.000417724 0 1537
1538 DIRIC -0.0031158 -0.000535442 0 1538
1539 DIRIC -0.00303877 -0.000834086 0 1539
1540 DIRIC -0.00293684 -0.00112755 0 1540
1541 DIRIC -0.00281196 -0.00141632 0 1541
1542 DIRIC -0.00266515 -0.00168619 0 1542
1543 DIRIC -0.00249002 -0.0019412 0 1543
1544 DIRIC -0.00227803 -0.00216921 0 1544
1545 DIRIC -0.00204432 -0.00236912 0 1545
1546 DIRIC -0.00179974 -0.00257848 0 1546
1547 DIRIC -0.00155486 -0.00271478 0 1547
1548 DIRIC -0.00128266 -0.00287528 0 1548
1549 DIRIC -0.000978954 -0.00296406 0 1549
1550 DIRIC -0.000676204 -0.00304667 0 1550
1551 DIRIC -0.000375233 -0.00311851 0 1551
1552 DIRIC -7.67315e-05 -0.00314297 0 1552
1553 DIRIC 0.000227127 -0.00312734 0 1553
1554 DIRIC 0.000538162 -0.00310744 0 1554
1555 DIRIC 0.000837739 -0.00304249 0 1555
1556 DIRIC 0.00112201 -0.00293415 0 1556
1557 DIRIC 0.00140106 -0.0027943 0 1557
1558 DIRIC 0.0016763 -0.00265299 0 1558
1559 DIRIC 0.00193849 -0.00249054 0 1559
1560 DIRIC 0.00214974 -0.00226382 0 1560
1561 DIRIC 0.00237125 -0.00204565 0 1561
1562 DIRIC 0.00254674 -0.00179416 0 1562
1563 DIRIC 0.00272376 -0.0015381 0 1563
1564 DIRIC 0.00288716 -0.00128227 0 1564
1565 DIRIC 0.00296733 -0.000975618 0 1565
1566 DIRIC 0.00305313 -0.000678178 0 1566
1567 DIRIC 0.00309323 -0.000372489 0 1567
1568 DIRIC 0.00317302 0.000227803 0 1568
1569 DIRIC 0.00311503 0.000380045 0 1569
1570 DIRIC 0.00304886 0.000694446 0 1570
1571 DIRIC 0.00299404 0.000998144 0 1571
1572 DIRIC 0.00289034 0.00127761 0 1572
1573 DIRIC 0.0027425 0.00155698 0 1573
1574 DIRIC 0.00257342 0.00181204 0 1574
1575 DIRIC 0.00237139 0.00205044 0 1575
1576 DIRIC 0.00216348 0.00227513 0 1576
1577 DIRIC 0.00193869 0.00248841 0 1577
1578 DIRIC 0.00168789 0.00266727 0 1578
1579 DIRIC 0.00141849 0.00281473 0 1579
1580 DIRIC 0.00111836 0.00292948 0 1580
1581 DIRIC 0.000846683 0.00305512 0 1581
1582 DIRIC 0.000547953 0.00307851 0 1582
1583 DIRIC 0.000229623 0.00311379 0 1583
1584 DIRIC -7.63807e-05 0.00316238 0 1584
1585 DIRIC -0.000377048 0.0031115 0 1585
1586 DIRIC -0.000678194 0.00302753 0 1586
1587 DIRIC -0.000988516 0.00296263 0 1587
1588 DIRIC -0.00128711 0.00285992 0 1588
1589 DIRIC -0.00156242 0.00276211 0 1589
1590 DIRIC -0.0017868 0.00256456 0 1590
1591 DIRIC -0.00205582 0.00238373 0 1591
1592 DIRIC -0.00228619 0.00216899 0 1592
1593 DIRIC -0.00249182 0.0019443 0 1593
1594 DIRIC -0.00267622 0.00169688 0 1594
1595 DIRIC -0.00280025 0.00141051 0 1595
1596 DIRIC -0.00290798 0.00111849 0 1596
1597 DIRIC -0.00303727 0.00083319 0 1597
1598 DIRIC -0.00310157 0.000531044 0 1598
1599 DIRIC -0.00256188 7.44421e-05 0 1599
1600 DIRIC -0.00256189 0.000178454 0 1600
1601 DIRIC -0.00256622 0.000300973 0 1601
1602 DIRIC -0.00255994 0.000421957 0 1602
1603 DIRIC -0.00254751 0.000564508 0 1603
1604 DIRIC -0.00248951 0.000821345 0 1604
1605 DIRIC -0.00240017 0.00106194 0 1605
1606 DIRIC -0.00228361 0.00130063 0 1606
1607 DIRIC -0.00212523 0.00150868 0 1607
1608 DIRIC -0.00197489 0.00170176 0 1608
1609 DIRIC -0.00180382 0.00189013 0 1609
1610 DIRIC -0.00161491 0.00206228 0 1610
1611 DIRIC -0.0014126 0.00222686 0 1611
1612 DIRIC -0.00117888 0.00234719 0 1612
1613 DIRIC -0.000944181 0.0024518 0 1613
1614 DIRIC -0.000701131 0.00252271 0 1614
1615 DIRIC -0.000452796 0.00259058 0 1615
1616 DIRIC -0.000203573 0.0026162 0 1616
1617 DIRIC 6.17323e-05 0.00262621 0 1617
1618 DIRIC 0.00031886 0.00260342 0 1618
1619 DIRIC 0.000570831 0.00257358 0 1619
1620 DIRIC 0.000822492 0.00249284 0 1620
1621 DIRIC 0.00105998 0.00238647 0 1621
1622 DIRIC 0.00128962 0.00227324 0 1622
1623 DIRIC 0.00150534 0.00213692 0 1623
1624 DIRIC 0.00172407 0.00198619 0 1624
1625 DIRIC 0.00190728 0.00180005 0 1625
1626 DIRIC 0.00206307 0.00160854 0 1626
1627 DIRIC 0.00220835 0.00139773 0 1627
1628 DIRIC 0.00233786 0.0011709 0 1628
1629 DIRIC 0.00244102 0.000943923 0 1629
1630 DIRIC 0.00254265 0.000697122 0 1630
1631 DIRIC 0.0025564 0.000432966 0 1631
1632 DIRIC 0.00257106 0.000296287 0 1632
1633 DIRIC 0.00256631 0.00017275 0 1633
1634 DIRIC 0.00256704 5.81584e-05 0 1634
1635 DIRIC 0.00256323 -0.000201733 0 1635
1636 DIRIC 0.0025611 -0.000310533 0 1636
1637 DIRIC 0.00258014 -0.000434663 0 1637
1638 DIRIC 0.00252453 -0.000702431 0 1638
1639 DIRIC 0.00244667 -0.000947974 0 1639
1640 DIRIC 0.00233943 -0.00118123 0 1640
1641 DIRIC 0.00221375 -0.00140102 0 1641
1642 DIRIC 0.00208226 -0.0016236 0 1642
1643 DIRIC 0.00190104 -0.00181457 0 1643
1644 DIRIC 0.00170976 -0.00198305 0 1644
1645 DIRIC 0.00150905 -0.00213336 0 1645
1646 DIRIC 0.00130527 -0.00227751 0 1646
1647 DIRIC 0.00108294 -0.0024097 0 1647
1648 DIRIC 0.000830182 -0.0024996 0 1648
1649 DIRIC 0.000574041 -0.0025536 0 1649
1650 DIRIC 0.000322534 -0.00259533 0 1650
1651 DIRIC 6.66713e-05 -0.00262919 0 1651
1652 DIRIC -0.000200238 -0.00264296 0 1652
1653 DIRIC -0.000461222 -0.00258544 0 1653
1654 DIRIC -0.000702109 -0.00252471 0 1654
1655 DIRIC -0.000943951 -0.00244484 0 1655
1656 DIRIC -0.00118289 -0.00234169 0 1656
1657 DIRIC -0.00139966 -0.00220532 0 1657
1658 DIRIC -0.0016043 -0.00205684 0 1658
1659 DIRIC -0.00180737 -0.00190421 0 1659
1660 DIRIC -0.00197954 -0.00170895 0 1660
1661 DIRIC -0.0021374 -0.00149976 0 1661
1662 DIRIC -0.00227502 -0.00128858 0 1662
1663 DIRIC -0.0023913 -0.00106125 0 1663
1664 DIRIC -0.00248399 -0.0008166 0 1664
1665 DIRIC -0.00255017 -0.000553599 0 1665
1666 DIRIC -0.0025544 -0.000295969 0 1666
1667 DIRIC -0.00255506 -0.000180479 0 1667
1668 DIRIC -0.00323434 -7.2662e-05 0 1668
1669 DIRIC -0.00321324 -0.000222633 0 1669
1670 DIRIC -0.00307624 -0.000684133 0 1670
1671 DIRIC -0.00299199 -0.000985462 0 1671
1672 DIRIC -0.00287512 -0.00127054 0 1672
1673 DIRIC -0.0027432 -0.00155237 0 1673
1674 DIRIC -0.00258173 -0.00181549 0 1674
1675 DIRIC -0.00239093 -0.00206201 0 1675
1676 DIRIC -0.00216179 -0.00226934 0 1676
1677 DIRIC -0.00192521 -0.00247925 0 1677
1678 DIRIC -0.00169735 -0.0026794 0 1678
1679 DIRIC -0.00141367 -0.00278968 0 1679
1680 DIRIC -0.00113525 -0.00293467 0 1680
1681 DIRIC -0.000829632 -0.0030004 0 1681
1682 DIRIC -0.000526702 -0.00308702 0 1682
1683 DIRIC -0.000229159 -0.00314106 0 1683
1684 DIRIC 7.32526e-05 -0.00312853 0 1684
1685 DIRIC 0.000385924 -0.00312638 0 1685
1686 DIRIC 0.000689846 -0.0030777 0 1686
1687 DIRIC 0.000978497 -0.00299035 0 1687
1688 DIRIC 0.00126034 -0.00286518 0 1688
1689 DIRIC 0.00153522 -0.00272465 0 1689
1690 DIRIC 0.00181293 -0.00257328 0 1690
1691 DIRIC 0.00205046 -0.00238764 0 1691
1692 DIRIC 0.00226012 -0.00215204 0 1692
1693 DIRIC 0.00246978 -0.00192524 0 1693
1694 DIRIC 0.00262725 -0.00166346 0 1694
1695 DIRIC 0.00281582 -0.0014154 0 1695
1696 DIRIC 0.0029319 -0.00113016 0 1696
1697 DIRIC 0.0030078 -0.000826245 0 1697
1698 DIRIC 0.00308875 -0.000523772 0 1698
1699 DIRIC 0.00317978 0.000122255 0 1699
1700 DIRIC 0.00321029 -0.000208189 0 1700
1701 DIRIC 0.00321689 -8.84714e-05 0 1701
1702 DIRIC 0.00320974 2.78497e-05 0 1702
1703 DIRIC 0.00307991 0.00054194 0 1703
1704 DIRIC 0.00302109 0.000851967 0 1704
1705 DIRIC 0.00295019 0.00113846 0 1705
1706 DIRIC 0.00282167 0.00141707 0 1706
1707 DIRIC 0.00266246 0.00168809 0 1707
1708 DIRIC 0.00247773 0.00193413 0 1708
1709 DIRIC 0.00226623 0.00216216 0 1709
1710 DIRIC 0.00205384 0.00238463 0 1710
1711 DIRIC 0.00181777 0.00257946 0 1711
1712 DIRIC 0.00155514 0.0027447 0 1712
1713 DIRIC 0.00127177 0.00287887 0 1713
1714 DIRIC 0.000969553 0.00298427 0 1714
1715 DIRIC 0.000705254 0.0030589 0 1715
1716 DIRIC 0.000389616 0.00309286 0 1716
1717 DIRIC 7.8166e-05 0.00314383 0 1717
1718 DIRIC -0.000232244 0.00314922 0 1718
1719 DIRIC -0.000522475 0.00307561 0 1719
1720 DIRIC -0.000834928 0.00299551 0 1720
1721 DIRIC -0.00114094 0.00292109 0 1721
1722 DIRIC -0.00142329 0.00279797 0 1722
1723 DIRIC -0.00166445 0.00266164 0 1723
1724 DIRIC -0.00191963 0.00247617 0 1724
1725 DIRIC -0.0021747 0.00228015 0 1725
1726 DIRIC -0.00239689 0.00205916 0 1726
1727 DIRIC -0.00257974 0.00181867 0 1727
1728 DIRIC -0.00274964 0.00155898 0 1728
1729 DIRIC -0.0028483 0.00126146 0 1729
1730 DIRIC -0.00298499 0.000979796 0 1730
1731 DIRIC -0.00306661 0.000683124 0 1731
1732 DIRIC -0.00257028 -4.23357e-06 0 1732
1733 DIRIC -0.00313905 0.000396329 0 1733
1734 DIRIC -0.00322478 0.000226008 0 1734
1735 DIRIC -0.0025176 0.000688504 0 1735
1736 DIRIC -0.00245099 0.000936058 0 1736
1737 DIRIC -0.00234862 0.00118483 0 1737
1738 DIRIC -0.0022047 0.00140181 0 1738
1739 DIRIC -0.00205217 0.00160182 0 1739
1740 DIRIC -0.00189727 0.00179809 0 1740
1741 DIRIC -0.0017094 0.00197678 0 1741
1742 DIRIC -0.00151619 0.00214758 0 1742
1743 DIRIC -0.00130192 0.00228954 0 1743
1744 DIRIC -0.00106394 0.00239713 0 1744
1745 DIRIC -0.000825312 0.00249547 0 1745
1746 DIRIC -0.000575951 0.0025562 0 1746
1747 DIRIC -0.000331342 0.00261438 0 1747
1748 DIRIC -6.61082e-05 0.0026167 0 1748
1749 DIRIC 0.000190171 0.00261599 0 1749
1750 DIRIC 0.000444173 0.00259473 0 1750
1751 DIRIC 0.000699616 0.00254072 0 1751
1752 DIRIC 0.000941341 0.0024412 0 1752
1753 DIRIC 0.00117852 0.00233588 0 1753
1754 DIRIC 0.00140082 0.00220674 0 1754
1755 DIRIC 0.00161535 0.0020594 0 1755
1756 DIRIC 0.00182936 0.00190358 0 1756
1757 DIRIC 0.0019826 0.00170214 0 1757
1758 DIRIC 0.00213757 0.00150366 0 1758
1759 DIRIC 0.00227438 0.00128904 0 1759
1760 DIRIC 0.00239351 0.00105647 0 1760
1761 DIRIC 0.00249534 0.000822645 0 1761
1762 DIRIC 0.00256741 0.000569325 0 1762
1763 DIRIC 0.00257822 -0.000117775 0 1763
1764 DIRIC 0.00256882 -3.80253e-05 0 1764
1765 DIRIC 0.00254935 -0.000575396 0 1765
1766 DIRIC 0.00249029 -0.000824332 0 1766
1767 DIRIC 0.00239022 -0.00106592 0 1767
1768 DIRIC 0.00228797 -0.00129892 0 1768
1769 DIRIC 0.00214722 -0.00150972 0 1769
1770 DIRIC 0.00199524 -0.00172732 0 1770
1771 DIRIC 0.00180471 -0.00190367 0 1771
1772 DIRIC 0.00160675 -0.00205739 0 1772
1773 DIRIC 0.00140851 -0.00220116 0 1773
1774 DIRIC 0.00120273 -0.00235129 0 1774
1775 DIRIC 0.000956355 -0.00246306 0 1775
1776 DIRIC 0.000699114 -0.00252733 0 1776
1777 DIRIC 0.000448765 -0.00257377 0 1777
1778 DIRIC 0.000198117 -0.00261327 0 1778
1779 DIRIC -6.57891e-05 -0.00264559 0 1779
1780 DIRIC -0.000328958 -0.00261183 0 1780
1781 DIRIC -0.000584027 -0.00256239 0 1781
1782 DIRIC -0.000826838 -0.00248885 0 1782
1783 DIRIC -0.00106861 -0.00239282 0 1783
1784 DIRIC -0.00129839 -0.00227719 0 1784
1785 DIRIC -0.00150119 -0.00212924 0 1785
1786 DIRIC -0.00170712 -0.00198297 0 1786
1787 DIRIC -0.00189554 -0.00181557 0 1787
1788 DIRIC -0.0020593 -0.00160521 0 1788
1789 DIRIC -0.00220881 -0.00139794 0 1789
1790 DIRIC -0.00233583 -0.00117439 0 1790
1791 DIRIC -0.00244145 -0.000937828 0 1791
1792 DIRIC -0.00252276 -0.000684304 0 1792
1793 DIRIC -0.00256058 -0.000410429 0 1793
1794 DIRIC -0.00321643 -4.75259e-06 0 1794
1795 DIRIC -0.00255873 -7.90916e-05 0 1795
1796 DIRIC -0.00261838 -0.000130404 0 1796
1797 DIRIC -0.00318222 -0.000135159 0 1797
1798 DIRIC -0.00315479 -0.000310921 0 1798
1799 DIRIC 0.00313539 -0.000142788 0 1799
1800 DIRIC -0.00320885 0.000152354 0 1800
1801 DIRIC 0.00284662 0.000902795 0 1801
1802 DIRIC -0.00277557 -0.00114494 0 1802
1803 DIRIC -0.00264752 -0.00141321 0 1803
1804 DIRIC -0.00249974 -0.00166758 0 1804
1805 DIRIC -0.00233281 -0.00190454 0 1805
1806 DIRIC -0.00211219 -0.00210861 0 1806
1807 DIRIC -0.00188318 -0.0023135 0 1807
1808 DIRIC -0.00160069 -0.0025193 0 1808
1809 DIRIC -0.00139936 -0.00256742 0 1809
1810 DIRIC -0.0011597 -0.00278509 0 1810
1811 DIRIC -0.000849162 -0.00278321 0 1811
1812 DIRIC -0.000558592 -0.0029133 0 1812
1813 DIRIC -0.00027426 -0.00297166 0 1813
1814 DIRIC -1.37055e-05 -0.00297226 0 1814
1815 DIRIC 0.000296129 -0.00297688 0 1815
1816 DIRIC 0.000586022 -0.00295154 0 1816
1817 DIRIC 0.000859809 -0.00288638 0 1817
1818 DIRIC 0.00111388 -0.00275183 0 1818
1819 DIRIC 0.00138802 -0.00261738 0 1819
1820 DIRIC 0.00166197 -0.00248904 0 1820
1821 DIRIC 0.00190863 -0.00234544 0 1821
1822 DIRIC 0.00205705 -0.00207194 0 1822
1823 DIRIC 0.00231264 -0.00189857 0 1823
1824 DIRIC 0.0024171 -0.00161156 0 1824
1825 DIRIC 0.00263166 -0.00137752 0 1825
1826 DIRIC 0.00276765 -0.00116111 0 1826
1827 DIRIC 0.00279797 -0.000845071 0 1827
1828 DIRIC 0.00293729 -0.000557159 0 1828
1829 DIRIC 0.00291 0.000421645 0 1829
1830 DIRIC 0.00285946 0.000750988 0 1830
1831 DIRIC 0.00288426 0.000593346 0 1831
1832 DIRIC 0.00278836 0.00114608 0 1832
1833 DIRIC 0.00285506 0.00103812 0 1833
1834 DIRIC 0.00230596 0.00189849 0 1834
1835 DIRIC 0.00249946 0.00167447 0 1835
1836 DIRIC 0.00208556 0.00209884 0 1836
1837 DIRIC 0.0024069 0.00178597 0 1837
1838 DIRIC 0.00258335 0.00155057 0 1838
1839 DIRIC 0.00219674 0.00200113 0 1839
1840 DIRIC 0.00141948 0.00265204 0 1840
1841 DIRIC 0.00167126 0.00249988 0 1841
1842 DIRIC 0.00114226 0.00276934 0 1842
1843 DIRIC 0.0015481 0.00257768 0 1843
1844 DIRIC 0.0017893 0.00241724 0 1844
1845 DIRIC 0.00128418 0.00271539 0 1845
1846 DIRIC -1.33875e-05 0.00301103 0 1846
1847 DIRIC 0.00096454 0.00278823 0 1847
1848 DIRIC 0.000284313 0.0029 0 1848
1849 DIRIC -0.000270584 0.00296944 0 1849
1850 DIRIC 0.000137974 0.0029712 0 1850
1851 DIRIC 0.000455193 0.00290041 0 1851
1852 DIRIC -0.0001456 0.00303186 0 1852
1853 DIRIC -0.00189604 0.00230965 0 1853
1854 DIRIC -0.000549738 0.00287736 0 1854
1855 DIRIC -0.000875305 0.00280159 0 1855
1856 DIRIC -0.00116577 0.00275838 0 1856
1857 DIRIC -0.00160348 0.00248067 0 1857
1858 DIRIC -0.00212763 0.00211259 0 1858
1859 DIRIC -0.0017301 0.0023711 0 1859
1860 DIRIC -0.00146584 0.00259731 0 1860
1861 DIRIC -0.00201818 0.00221611 0 1861
1862 DIRIC -0.00262219 -4.59803e-05 0 1862
1863 DIRIC -0.0023453 0.00191626 0 1863
1864 DIRIC -0.00250519 0.00166895 0 1864
1865 DIRIC -0.00262294 0.00143059 0 1865
1866 DIRIC -0.002703 0.00110834 0 1866
1867 DIRIC -0.00289415 0.000859102 0 1867
1868 DIRIC -0.00293793 0.000561885 0 1868
1869 DIRIC -0.00313948 0.000197254 0 1869
1870 DIRIC -0.00265078 0.000652067 0 1870
1871 DIRIC -0.00263198 0.000122779 0 1871
1872 DIRIC -0.00322634 7.33314e-05 0 1872
1873 DIRIC -0.00194239 0.00192376 0 1873
1874 DIRIC -0.00251939 0.00117448 0 1874
1875 DIRIC -0.00209527 0.00171785 0 1875
1876 DIRIC -0.00254661 0.0010365 0 1876
1877 DIRIC -0.00203568 0.00182183 0 1877
1878 DIRIC -0.00218317 0.00163434 0 1878
1879 DIRIC -0.00105161 0.00253688 0 1879
1880 DIRIC -0.00131366 0.00246198 0 1880
1881 DIRIC -0.000793826 0.00265203 0 1881
1882 DIRIC -0.00117858 0.00249067 0 1882
1883 DIRIC -0.00144155 0.00239004 0 1883
1884 DIRIC -0.000933018 0.00262587 0 1884
1885 DIRIC 0.000524576 0.00273117 0 1885
1886 DIRIC -0.000278536 0.00278462 0 1886
1887 DIRIC 0.000811556 0.00266998 0 1887
1888 DIRIC 0.000261349 0.00273077 0 1888
1889 DIRIC -0.000422013 0.00274846 0 1889
1890 DIRIC 0.000387842 0.00274204 0 1890
1891 DIRIC 0.000136881 0.00277914 0 1891
1892 DIRIC 0.000670478 0.00271543 0 1892
1893 DIRIC 0.00227712 0.00152275 0 1893
1894 DIRIC 0.00129266 0.00241058 0 1894
1895 DIRIC 0.00271287 0.000503222 0 1895
1896 DIRIC 0.00174594 0.00211877 0 1896
1897 DIRIC 0.00117386 0.00247015 0 1897
1898 DIRIC 0.00211537 0.00172715 0 1898
1899 DIRIC 0.00163267 0.00219721 0 1899
1900 DIRIC 0.00219871 0.00163055 0 1900
1901 DIRIC 0.0020321 0.00180888 0 1901
1902 DIRIC 0.0025368 0.00104414 0 1902
1903 DIRIC 0.00267783 0.000822392 0 1903
1904 DIRIC 0.00257681 0.000926939 0 1904
1905 DIRIC 0.00248301 0.00116318 0 1905
1906 DIRIC 0.00270284 0.000656401 0 1906
1907 DIRIC 0.000403353 -0.00270664 0 1907
1908 DIRIC 0.00261837 -0.00093857 0 1908
1909 DIRIC 0.000149563 -0.00275785 0 1909
1910 DIRIC 0.00264122 -0.000161495 0 1910
1911 DIRIC 0.00236545 -0.00143005 0 1911
1912 DIRIC 0.00262528 -0.000800746 0 1912
1913 DIRIC 0.00245717 -0.00130702 0 1913
1914 DIRIC 0.00185482 -0.0020686 0 1914
1915 DIRIC 0.00163439 -0.00219095 0 1915
1916 DIRIC 0.00172482 -0.00210788 0 1916
1917 DIRIC 0.00193166 -0.00194863 0 1917
1918 DIRIC 0.00123276 -0.00251288 0 1918
1919 DIRIC 0.000951103 -0.00263404 0 1919
1920 DIRIC 0.00109527 -0.00257537 0 1920
1921 DIRIC 0.00137067 -0.00244124 0 1921
1922 DIRIC 0.000793653 -0.00263611 0 1922
1923 DIRIC -0.00144484 -0.00236978 0 1923
1924 DIRIC 0.000538536 -0.00268433 0 1924
1925 DIRIC 0.00224185 -0.00164201 0 1925
1926 DIRIC 0.000280771 -0.00272313 0 1926
1927 DIRIC 0.000665828 -0.00266194 0 1927
1928 DIRIC -0.000144412 -0.0028267 0 1928
1929 DIRIC -0.000690794 -0.002676 0 1929
1930 DIRIC -0.00291796 -0.000706413 0 1930
1931 DIRIC -0.00119684 -0.00250967 0 1931
1932 DIRIC -0.000556038 -0.00272379 0 1932
1933 DIRIC -0.0013066 -0.00241553 0 1933
1934 DIRIC -0.00105041 -0.00251998 0 1934
1935 DIRIC -0.00183723 -0.00204793 0 1935
1936 DIRIC -0.00203172 -0.00184231 0 1936
1937 DIRIC -0.00195448 -0.00198214 0 1937
1938 DIRIC -0.00172296 -0.0021144 0 1938
1939 DIRIC -0.00246992 -0.00116855 0 1939
1940 DIRIC -0.00265649 -0.000636603 0 1940
1941 DIRIC -0.00241088 -0.00128731 0 1941
1942 DIRIC -0.00262077 -0.000775921 0 1942
1943 DIRIC -0.00268276 -0.000467193 0 1943
1944 DIRIC -0.00257839 -0.000914612 0 1944
1945 DIRIC -0.00262465 -0.000229265 0 1945
1946 DIRIC -0.00316114 -4.9905e-05 0 1946
1947 DIRIC -0.00295891 -0.000545889 0 1947
1948 DIRIC -0.00283015 -0.00100786 0 1948
1949 DIRIC -0.00287744 -0.000861794 0 1949
1950 DIRIC -0.0026515 0.000232362 0 1950
1951 DIRIC -0.00266311 0.000354233 0 1951
1952 DIRIC -0.00267479 0.000507673 0 1952
1953 DIRIC -0.00262152 0.000917489 0 1953
1954 DIRIC 0.00264483 0.000206981 0 1954
1955 DIRIC 0.00264139 0.000103058 0 1955
1956 DIRIC 0.00265845 -0.000353493 0 1956
1957 DIRIC -0.00262508 3.16675e-05 0 1957
1958 DIRIC -0.00174091 0.00210334 0 1958
1959 DIRIC -0.00263862 -0.000337827 0 1959
1960 DIRIC -0.00302123 -0.000388118 0 1960
1961 DIRIC -0.0027128 -0.00127852 0 1961
1962 DIRIC -0.00257743 -0.00154387 0 1962
1963 DIRIC -0.00242069 -0.00178592 0 1963
1964 DIRIC -0.00223809 -0.00202227 0 1964
1965 DIRIC -0.0019764 -0.00217415 0 1965
1966 DIRIC -0.0017558 -0.00241581 0 1966
1967 DIRIC -0.0012688 -0.00268247 0 1967
1968 DIRIC -0.00101611 -0.00278515 0 1968
1969 DIRIC -0.000697129 -0.00285556 0 1969
1970 DIRIC -0.000417624 -0.00295353 0 1970
1971 DIRIC -0.000148582 -0.00301183 0 1971
1972 DIRIC 0.000134838 -0.00294236 0 1972
1973 DIRIC 0.000442029 -0.00296917 0 1973
1974 DIRIC 0.000725215 -0.00292369 0 1974
1975 DIRIC 0.000989205 -0.00282514 0 1975
1976 DIRIC 0.00125031 -0.00268401 0 1976
1977 DIRIC 0.00152139 -0.0025534 0 1977
1978 DIRIC 0.0017928 -0.00241084 0 1978
1979 DIRIC 0.00196943 -0.00221857 0 1979
1980 DIRIC 0.00219799 -0.00197901 0 1980
1981 DIRIC 0.00236209 -0.00176737 0 1981
1982 DIRIC 0.00253292 -0.00149193 0 1982
1983 DIRIC 0.00273615 -0.00129008 0 1983
1984 DIRIC 0.00278928 -0.00100974 0 1984
1985 DIRIC 0.00287602 -0.000697896 0 1985
1986 DIRIC 0.00296751 -0.000417191 0 1986
1987 DIRIC 0.0031098 -0.000250276 0 1987
1988 DIRIC 0.00318352 -0.000317685 0 1988
1989 DIRIC 0.00313554 -4.54051e-05 0 1989
1990 DIRIC 0.000798641 0.00287496 0 1990
1991 DIRIC -0.000704687 0.00281312 0 1991
1992 DIRIC -0.000402328 0.00292162 0 1992
1993 DIRIC -0.00102179 0.00279258 0 1993
1994 DIRIC -0.00129959 0.00265237 0 1994
1995 DIRIC -0.00240761 0.00179134 0 1995
1996 DIRIC -0.00223706 0.00199867 0 1996
1997 DIRIC -0.00260422 0.00157005 0 1997
1998 DIRIC -0.00266154 0.00127672 0 1998
1999 DIRIC -0.00279891 0.000968436 0 1999
2000 DIRIC -0.00291039 0.000718211 0 2000
2001 DIRIC -0.00317258 0.000292124 0 2001
2002 DIRIC -0.00298011 0.000416771 0 2002
2003 DIRIC -0.00314396 0.000109599 0 2003
2004 DIRIC -0.00246137 0.00132838 0 2004
2005 DIRIC -0.00224263 0.00152235 0 2005
2006 DIRIC -0.00260952 0.000779212 0 2006
2007 DIRIC 0.00266559 0.000291343 0 2007
2008 DIRIC -0.00233943 0.00144069 0 2008
2009 DIRIC 0.00234751 0.00140735 0 2009
2010 DIRIC -0.00184245 0.00202173 0 2010
2011 DIRIC -0.00164799 0.00220233 0 2011
2012 DIRIC 0.000932643 0.00259406 0 2012
2013 DIRIC -0.000138673 0.00273434 0 2013
2014 DIRIC -1.29356e-05 0.00274868 0 2014
2015 DIRIC 0.00141092 0.00234634 0 2015
2016 DIRIC 0.00151954 0.0022741 0 2016
2017 DIRIC 0.00200871 0.00193906 0 2017
2018 DIRIC 0.00189552 0.00205277 0 2018
2019 DIRIC 1.53055e-05 -0.00279965 0 2019
2020 DIRIC 0.00252939 -0.00106737 0 2020
2021 DIRIC 0.00264117 -7.37021e-05 0 2021
2022 DIRIC 0.00264073 0.000380249 0 2022
2023 DIRIC 0.0026391 9.23182e-06 0 2023
2024 DIRIC 0.00204424 -0.00188189 0 2024
2025 DIRIC 0.00269169 -0.000677887 0 2025
2026 DIRIC 0.00246401 -0.00116832 0 2026
2027 DIRIC 0.00227847 -0.00152154 0 2027
2028 DIRIC 0.00217736 -0.00178505 0 2028
2029 DIRIC -0.000308074 -0.00278869 0 2029
2030 DIRIC -0.0008043 -0.0026167 0 2030
2031 DIRIC -0.000941517 -0.00261135 0 2031
2032 DIRIC -0.00211842 -0.00173263 0 2032
2033 DIRIC -0.00234546 -0.00140384 0 2033
2034 DIRIC -0.00227359 -0.00151462 0 2034
2035 DIRIC -0.00252816 -0.00104644 0 2035
2036 DIRIC -0.00315179 2.87289e-05 0 2036
2037 DIRIC 0.00263816 -0.000253015 0 2037
2038 DIRIC 0.00142867 -0.00232204 0 2038
2039 DIRIC 0.00311484 4.72541e-05 0 2039
2040 DIRIC 0.00266163 -0.00054125 0 2040
2041 DIRIC 0.00271464 -0.000443613 0 2041
2042 DIRIC -0.00308269 -0.000215449 0 2042
2043 DIRIC -0.00151324 -0.00224947 0 2043
2044 DIRIC 0.00153045 -0.00226379 0 2044
2045 DIRIC -0.000667974 0.00265389 0 2045
2046 DIRIC -0.00303508 0.000267149 0 2046
2047 DIRIC 0.00265568 0.00141701 0 2047
2048 DIRIC 0.00189982 0.00232921 0 2048
2049 DIRIC 0.000619666 0.00288737 0 2049
2050 DIRIC -0.00155574 0.0023023 0 2050
2051 DIRIC -0.000554742 0.00270883 0 2051
2052 DIRIC 0.00105434 0.00252584 0 2052
2053 DIRIC 0.00241855 0.00128701 0 2053
2054 DIRIC -0.00042001 -0.00270304 0 2054
2055 DIRIC -0.00161544 -0.00218997 0 2055
2056 DIRIC -0.00220365 -0.00162597 0 2056
2057 DIRIC -0.0027673 -0.000739139 0 2057
2058 DIRIC 0.00260158 -0.00120976 0 2058
2059 DIRIC -0.00242131 -0.00152942 0 2059
2060 DIRIC -0.00226942 -0.00175768 0 2060
2061 DIRIC -0.0020985 -0.00196766 0 2061
2062 DIRIC 0.000872694 -0.00274701 0 2062
2063 DIRIC -0.00198076 0.00206076 0 2063
2064 DIRIC 0.00141546 0.00249159 0 2064
2065 DIRIC 0.000626273 -0.00279909 0 2065
2066 DIRIC -0.00269125 6.85003e-05 0 2066
2067 DIRIC -0.00221258 0.00180937 0 2067
2068 DIRIC 0.00152794 -0.00240476 0 2068
2069 DIRIC 0.00179463 -0.00223725 0 2069
2070 DIRIC 0.0029797 0.000253918 0 2070
2071 DIRIC 0.00298809 -0.000263533 0 2071
2072 DIRIC 0.00242297 0.0015399 0 2072
2073 DIRIC 0.00272472 0.00128123 0 2073
2074 DIRIC 0.00165265 0.00234839 0 2074
2075 DIRIC 0.0019988 0.00221672 0 2075
2076 DIRIC 0.00165765 -0.00233171 0 2076
2077 DIRIC -0.00105994 0.00266755 0 2077
2078 DIRIC -0.00278949 0.000605639 0 2078
2079 DIRIC -0.00268515 -8.89522e-05 0 2079
2080 DIRIC 0.00225385 0.00175951 0 2080
2081 DIRIC 0.00234193 0.00165497 0 2081
2082 DIRIC 0.00215272 0.00185857 0 2082
2083 DIRIC 0.00263657 0.00114677 0 2083
2084 DIRIC 0.000362171 -0.00283951 0 2084
2085 DIRIC 0.00270871 -0.000119903 0 2085
2086 DIRIC 0.00271086 5.3846e-05 0 2086
2087 DIRIC -0.00218703 -0.00186665 0 2087
2088 DIRIC -0.00272392 0.000161932 0 2088
2089 DIRIC -0.00307616 6.49309e-05 0 2089
2090 DIRIC -0.00248945 -0.00140891 0 2090
2091 DIRIC -0.00234805 -0.00164726 0 2091
2092 DIRIC -0.0026206 -0.001158 0 2092
2093 DIRIC -0.00268518 -1.07776e-05 0 2093
2094 DIRIC -0.00268633 -0.000173824 0 2094
2095 DIRIC -0.00281127 0.000423672 0 2095
2096 DIRIC 0.0030603 -9.94287e-05 0 2096
2097 DIRIC 0.00305187 -0.000181284 0 2097
2098 DIRIC 0.00278696 -0.000564065 0 2098
2099 DIRIC -0.00255802 -0.00128478 0 2099
2100 DIRIC -0.00305675 0.000152645 0 2100
2101 DIRIC 0.00275972 0.000351507 0 2101
2102 DIRIC 0.00286653 -0.000318511 0 2102
2103 DIRIC 0.00283926 0.000266703 0 2103
2104 DIRIC 0.00305462 -1.56761e-05 0 2104
2105 DIRIC -0.000124391 0.00287786 0 2105
2106 DIRIC -0.00247186 0.00150823 0 2106
2107 DIRIC -0.00110514 -0.00264631 0 2107
2108 DIRIC 0.00266047 -0.00107722 0 2108
2109 DIRIC 2.34355e-05 0.00287646 0 2109
2110 DIRIC -0.00308945 -9.81588e-05 0 2110
2111 DIRIC 0.00186244 0.00219446 0 2111
2112 DIRIC 0.0027187 0.000142202 0 2112
2113 DIRIC -0.00275181 0.000272792 0 2113
2114 DIRIC -0.0028532 -0.000412687 0 2114
2115 DIRIC -0.00273134 -0.000354704 0 2115
2116 DIRIC -0.00272675 -0.000889757 0 2116
2117 DIRIC 0.0027365 0.000243525 0 2117
2118 DIRIC 0.0027133 -0.000286354 0 2118
2119 DIRIC -0.00187757 0.0021535 0 2119
2120 DIRIC -0.0027036 -0.000265327 0 2120
2121 DIRIC 0.00270123 0.00100524 0 2121
2122 DIRIC -0.00275173 0.000789119 0 2122
2123 DIRIC -0.00280624 -0.000580228 0 2123
2124 DIRIC -0.00267744 -0.00102742 0 2124
2125 DIRIC -0.00161117 -0.00234281 0 2125
2126 DIRIC -0.00183694 -0.00218105 0 2126
2127 DIRIC 0.00270722 -3.37276e-05 0 2127
2128 DIRIC 0.000752513 -0.00277301 0 2128
2129 DIRIC -0.000455716 -0.00282012 0 2129
2130 DIRIC 0.00277669 -7.95056e-05 0 2130
2131 DIRIC 0.00250188 0.00141451 0 2131
2132 DIRIC 0.00287298 -0.000208831 0 2132
2133 DIRIC 0.00257176 0.0012819 0 2133
2134 DIRIC -0.00209256 0.00194955 0 2134
2135 DIRIC -0.00308669 -1.39398e-05 0 2135
2136 DIRIC -0.00234267 0.00162333 0 2136
2137 DIRIC 0.000243271 -0.00285092 0 2137
2138 DIRIC 0.00153511 0.00242286 0 2138
2139 DIRIC 0.00049044 -0.00282525 0 2139
2140 DIRIC -0.00173597 -0.00226598 0 2140
2141 DIRIC 0.00271365 -0.000203232 0 2141
2142 DIRIC -0.00295561 0.000179676 0 2142
2143 DIRIC -0.0029158 -0.00024872 0 2143
2144 DIRIC 0.00104992 0.00266283 0 2144
2145 DIRIC 0.0030213 6.04711e-05 0 2145
2146 DIRIC -0.00177623 0.00222993 0 2146
2147 DIRIC 0.00307783 0.000137282 0 2147
2148 DIRIC -0.00115595 0.00261894 0 2148
2149 DIRIC 0.00176206 0.00226802 0 2149
2150 DIRIC 0.00129327 0.0025574 0 2150
2151 DIRIC 0.002958 -0.000139842 0 2151
2152 DIRIC -0.00287682 0.000275775 0 2152
2153 DIRIC 0.00283548 -0.00043863 0 2153
2154 DIRIC 0.00276517 -0.000353372 0 2154
2155 DIRIC 0.00278939 -0.000252756 0 2155
2156 DIRIC 0.001169 0.00261601 0 2156
2157 DIRIC -0.00275728 -0.000128405 0 2157
2158 DIRIC -0.00302099 2.03862e-05 0 2158
2159 DIRIC 0.00295846 0.000127146 0 2159
2160 DIRIC 0.00293467 4.47797e-05 0 2160
2161 DIRIC 0.00277804 1.93867e-06 0 2161
2162 DIRIC 0.00279755 9.5703e-05 0 2162
2163 DIRIC -0.00299095 8.90146e-05 0 2163
2164 DIRIC -0.00297801 -0.000133695 0 2164
2165 DIRIC 0.00298251 -2.09605e-06 0 2165
2166 DIRIC 0.00278625 -0.00016443 0 2166
2167 DIRIC -0.002756 8.84749e-05 0 2167
2168 DIRIC -0.0028694 0.000174686 0 2168
2169 DIRIC -0.00274682 2.18069e-05 0 2169
2170 DIRIC 0.00299258 -6.42544e-05 0 2170
2171 DIRIC -0.00300516 -4.88541e-05 0 2171
2172 DIRIC 0.00285887 -0.00011483 0 2172
2173 DIRIC -0.00274919 -5.06145e-05 0 2173
2174 DIRIC 0.00288128 9.40732e-05 0 2174
2175 DIRIC 0.00279319 0.000182096 0 2175
2176 DIRIC -0.00280977 0.000130205 0 2176
2177 DIRIC -0.00275671 -0.000206028 0 2177
2178 DIRIC -0.00289203 9.03644e-05 0 2178
2179 DIRIC 0.00287535 0.000173253 0 2179
2180 DIRIC -0.00280529 -0.000275936 0 2180
2181 DIRIC 0.00283642 -4.23752e-05 0 2181
2182 DIRIC 0.00285566 2.43124e-05 0 2182
2183 DIRIC -0.00280129 0.000205459 0 2183
2184 DIRIC -0.00282736 -0.000178527 0 2184
2185 DIRIC -0.00292104 -6.4543e-05 0 2185
2186 DIRIC -0.00294759 1.3382e-05 0 2186
2187 DIRIC 0.0029149 -4.26431e-05 0 2187
2188 DIRIC -0.00289628 -0.000140086 0 2188
2189 DIRIC -0.00283098 -8.23422e-05 0 2189
2190 DIRIC -0.00281557 5.4643e-05 0 2190
2191 DIRIC -0.00287037 -8.93214e-07 0 2191
2192 DIRIC -0.00280328 -1.35282e-05 0 2192
