1 37
2 37
3 37
4 37
5 37
6 37
7 37
8 37
9 37
10 37
11 37
12 37
13 37
14 37
15 37
16 37
17 37
18 37
19 37
20 37
21 37
22 37
23 37
24 37
25 37
26 37
27 37
28 37
29 37
30 37
31 37
32 37
33 37
34 37
35 37
36 37
37 37
38 37
39 37
40 37
41 37
42 37
43 37
44 37
45 37
46 37
47 37
48 37
49 37
50 37
51 37
52 37
53 37
54 37
55 37
56 37
57 37
58 37
59 37
60 37
61 37
62 37
63 37
64 37
65 37
66 37
67 37
68 37
69 37
70 37
71 37
72 37
73 37
74 37
75 37
76 37
77 37
78 37
79 37
80 37
81 37
82 37
83 37
84 37
85 37
86 37
87 37
88 37
89 37
90 37
91 37
92 37
93 37
94 37
95 37
96 37
97 37
98 37
99 37
100 37
101 37
102 37
103 37
104 37
105 37
106 37
107 37
108 37
109 37
110 37
111 37
112 37
113 37
114 37
115 37
116 37
117 37
118 37
119 37
120 37
121 37
122 37
123 37
124 37
125 37
126 37
127 37
128 37
129 37
130 37
131 37
132 37
133 37
134 37
135 37
136 37
137 37
138 37
139 37
140 37
141 37
142 37
143 37
144 37
145 37
146 37
147 37
148 37
149 37
150 37
151 37
152 37
153 37
154 37
155 37
156 37
157 37
158 37
159 37
160 37
161 37
162 37
163 37
164 37
165 37
166 37
167 37
168 37
169 37
170 37
171 37
172 37
173 37
174 37
175 37
176 37
177 37
178 37
179 37
180 37
181 37
182 37
183 37
184 37
185 37
186 37
187 37
188 37
189 37
190 37
191 37
192 37
193 37
194 37
195 37
196 37
197 37
198 37
199 37
200 37
201 37
202 37
203 37
204 37
205 37
206 37
207 37
208 37
209 37
210 37
211 37
212 37
213 37
214 37
215 37
216 37
217 37
218 37
219 37
220 37
221 37
222 37
223 37
224 37
225 37
226 37
227 37
228 37
229 37
230 37
231 37
232 37
233 37
234 37
235 37
236 37
237 37
238 37
239 37
240 37
241 37
242 37
243 37
244 37
245 37
246 37
247 37
248 37
249 37
250 37
251 37
252 37
253 37
254 37
255 37
256 37
257 37
258 37
259 37
260 37
261 37
262 37
263 37
264 37
265 37
266 37
267 37
268 37
269 37
270 37
271 37
272 37
273 37
274 37
275 37
276 37
277 37
278 37
279 37
280 37
281 37
282 37
283 37
284 37
285 37
286 37
287 37
288 37
289 37
290 37
291 37
292 37
293 37
294 37
295 37
296 37
297 37
298 37
299 37
300 37
301 37
302 37
303 37
304 37
305 37
306 37
307 37
308 37
309 37
310 37
311 37
312 37
313 37
314 37
315 37
316 37
317 37
318 37
319 37
320 37
321 37
322 37
323 37
324 37
325 37
326 37
327 37
328 37
329 37
330 37
331 37
332 37
333 37
334 37
335 37
336 37
337 37
338 37
339 37
340 37
341 37
342 37
343 37
344 37
345 37
346 37
347 37
348 37
349 37
350 37
351 37
352 37
353 37
354 37
355 37
356 37
357 37
358 37
359 37
360 37
361 37
362 37
363 37
364 37
365 37
366 37
367 37
368 37
369 37
370 37
371 37
372 37
373 37
374 37
375 37
376 37
377 37
378 37
379 37
380 37
381 37
382 37
383 37
384 37
385 37
386 37
387 37
388 37
389 37
390 37
391 37
392 37
393 37
394 37
395 37
396 37
397 37
398 37
399 37
400 37
401 37
402 37
403 37
404 37
405 37
406 37
407 37
408 37
409 37
410 37
411 37
412 37
413 37
414 37
415 37
416 37
417 37
418 37
419 37
420 37
421 37
422 37
423 37
424 37
425 37
426 37
427 37
428 37
429 37
430 37
431 37
432 37
433 37
434 37
435 37
436 37
437 37
438 37
439 37
440 37
441 37
442 37
443 37
444 37
445 37
446 37
447 37
448 37
449 37
450 37
451 37
452 37
453 37
454 37
455 37
456 37
457 37
458 37
459 37
460 37
461 37
462 37
463 37
464 37
465 37
466 37
467 37
468 37
469 37
470 37
471 37
472 37
473 37
474 37
475 37
476 37
477 37
478 37
479 37
480 37
481 37
482 37
483 37
484 37
485 37
486 37
487 37
488 37
489 37
490 37
491 37
492 37
493 37
494 37
495 37
496 37
497 37
498 37
499 37
500 37
501 37
502 37
503 37
504 37
505 37
506 37
507 37
508 37
509 37
510 37
511 37
512 37
513 37
514 37
515 37
516 37
517 37
518 37
519 37
520 37
521 37
522 37
523 37
524 37
525 37
526 37
527 37
528 37
529 37
530 37
531 37
532 37
533 37
534 37
535 37
536 37
537 37
538 37
539 37
540 37
541 37
542 37
543 37
544 37
545 37
546 37
547 37
548 37
549 37
550 37
551 37
552 37
553 37
554 37
555 37
556 37
557 37
558 37
559 37
560 37
561 37
562 37
563 37
564 37
565 37
566 37
567 37
568 37
569 37
570 37
571 37
572 37
573 37
574 37
575 37
576 37
577 37
578 37
579 37
580 37
581 37
582 37
583 37
584 37
585 37
586 37
587 37
588 37
589 37
590 37
591 37
592 37
593 37
594 37
595 37
596 37
597 37
598 37
599 37
600 37
601 37
602 37
603 37
604 37
605 37
606 37
607 37
608 37
609 37
610 37
611 37
612 37
613 37
614 37
615 37
616 37
617 37
618 37
619 37
620 37
621 37
622 37
623 37
624 37
625 37
626 37
627 37
628 37
629 37
630 37
631 37
632 37
633 37
634 37
635 37
636 37
637 37
638 37
639 37
640 37
641 37
642 37
643 37
644 37
645 37
646 37
647 37
648 37
649 37
650 37
651 37
652 37
653 37
654 37
655 37
656 37
657 37
658 37
659 37
660 37
661 37
662 37
663 37
664 37
665 37
666 37
667 37
668 37
669 37
670 37
671 37
672 37
673 37
674 37
675 37
676 37
677 37
678 37
679 37
680 37
681 37
682 37
683 37
684 37
685 37
686 37
687 37
688 37
689 37
690 37
691 37
692 37
693 37
694 37
695 37
696 37
697 37
698 37
699 37
700 37
701 37
702 37
703 37
704 37
705 37
706 37
707 37
708 37
709 37
710 37
711 37
712 37
713 37
714 37
715 37
716 37
717 37
718 37
719 37
720 37
721 37
722 37
723 37
724 37
725 37
726 37
727 37
728 37
729 37
730 37
731 37
732 37
733 37
734 37
735 37
736 37
737 37
738 37
739 37
740 37
741 37
742 37
743 37
744 37
745 37
746 37
747 37
748 37
749 37
750 37
751 37
752 37
753 37
754 37
755 37
756 37
757 37
758 37
759 37
760 37
761 37
762 37
763 37
764 37
765 37
766 37
767 37
768 37
769 37
770 37
771 37
772 37
773 37
774 37
775 37
776 37
777 37
778 37
779 37
780 37
781 37
782 37
783 37
784 37
785 37
786 37
787 37
788 37
789 37
790 37
791 37
792 37
793 37
794 37
795 37
796 37
797 37
798 37
799 37
800 37
801 37
802 37
803 37
804 37
805 37
806 37
807 37
808 37
809 37
810 37
811 37
812 37
813 37
814 37
815 37
816 37
817 37
818 37
819 37
820 37
821 37
822 37
823 37
824 37
825 37
826 37
827 37
828 37
829 37
830 37
831 37
832 37
833 37
834 37
835 37
836 37
837 37
838 37
839 37
840 37
841 37
842 37
843 37
844 37
845 37
846 37
847 37
848 37
849 37
850 37
851 37
852 37
853 37
854 37
855 37
856 37
857 37
858 37
859 37
860 37
861 37
862 37
863 37
864 37
865 37
866 37
867 37
868 37
869 37
870 37
871 37
872 37
873 37
874 37
875 37
876 37
877 37
878 37
879 37
880 37
881 37
882 37
883 37
884 37
885 37
886 37
887 37
888 37
889 37
890 37
891 37
892 37
893 37
894 37
895 37
896 37
897 37
898 37
899 37
900 37
901 37
902 37
903 37
904 37
905 37
906 37
907 37
908 37
909 37
910 37
911 37
912 37
913 37
914 37
915 37
916 37
917 37
918 37
919 37
920 37
921 37
922 37
923 37
924 37
925 37
926 37
927 37
928 37
929 37
930 37
931 37
932 37
933 37
934 37
935 37
936 37
937 37
938 37
939 37
940 37
941 37
942 37
943 37
944 37
945 37
946 37
947 37
948 37
949 37
950 37
951 37
952 37
953 37
954 37
955 37
956 37
957 37
958 37
959 37
960 37
961 37
962 37
963 37
964 37
965 37
966 37
967 37
968 37
969 37
970 37
971 37
972 37
973 37
974 37
975 37
976 37
977 37
978 37
979 37
980 37
981 37
982 37
983 37
984 37
985 37
986 37
987 37
988 37
989 37
990 37
991 37
992 37
993 37
994 37
995 37
996 37
997 37
998 37
999 37
1000 37
1001 37
1002 37
1003 37
1004 37
1005 37
1006 37
1007 37
1008 37
1009 37
1010 37
1011 37
1012 37
1013 37
1014 37
1015 37
1016 37
1017 37
1018 37
1019 37
1020 37
1021 37
1022 37
1023 37
1024 37
1025 37
1026 37
1027 37
1028 37
1029 37
1030 37
1031 37
1032 37
1033 37
1034 37
1035 37
1036 37
1037 37
1038 37
1039 37
1040 37
1041 37
1042 37
1043 37
1044 37
1045 37
1046 37
1047 37
1048 37
1049 37
1050 37
1051 37
1052 37
1053 37
1054 37
1055 37
1056 37
1057 37
1058 37
1059 37
1060 37
1061 37
1062 37
1063 37
1064 37
1065 37
1066 37
1067 37
1068 37
1069 37
1070 37
1071 37
1072 37
1073 37
1074 37
1075 37
1076 37
1077 37
1078 37
1079 37
1080 37
1081 37
1082 37
1083 37
1084 37
1085 37
1086 37
1087 37
1088 37
1089 37
1090 37
1091 37
1092 37
1093 37
1094 37
1095 37
1096 37
1097 37
1098 37
1099 37
1100 37
1101 37
1102 37
1103 37
1104 37
1105 37
1106 37
1107 37
1108 37
1109 37
1110 37
1111 37
1112 37
1113 37
1114 37
1115 37
1116 37
1117 37
1118 37
1119 37
1120 37
1121 37
1122 37
1123 37
1124 37
1125 37
1126 37
1127 37
1128 37
1129 37
1130 37
1131 37
1132 37
1133 37
1134 37
1135 37
1136 37
1137 37
1138 37
1139 37
1140 37
1141 37
1142 37
1143 37
1144 37
1145 37
1146 37
1147 37
1148 37
1149 37
1150 37
1151 37
1152 37
1153 37
1154 37
1155 37
1156 37
1157 37
1158 37
1159 37
1160 37
1161 37
1162 37
1163 37
1164 37
1165 37
1166 37
1167 37
1168 37
1169 37
1170 37
1171 37
1172 37
1173 37
1174 37
1175 37
1176 37
1177 37
1178 37
1179 37
1180 37
1181 37
1182 37
1183 37
1184 37
1185 37
1186 37
1187 37
1188 37
1189 37
1190 37
1191 37
1192 37
1193 37
1194 37
1195 37
1196 37
1197 37
1198 37
1199 37
1200 37
1201 37
1202 37
1203 37
1204 37
1205 37
1206 37
1207 37
1208 37
1209 37
1210 37
1211 37
1212 37
1213 37
1214 37
1215 37
1216 37
1217 37
1218 37
1219 37
1220 37
1221 37
1222 37
1223 37
1224 37
1225 37
1226 37
1227 37
1228 37
1229 37
1230 37
1231 37
1232 37
1233 37
1234 37
1235 37
1236 37
1237 37
1238 37
1239 37
1240 37
1241 37
1242 37
1243 37
1244 37
1245 37
1246 37
1247 37
1248 37
1249 37
1250 37
1251 37
1252 37
1253 37
1254 37
1255 37
1256 37
1257 37
1258 37
1259 37
1260 37
1261 37
1262 37
1263 37
1264 37
1265 37
1266 37
1267 37
1268 37
1269 37
1270 37
1271 37
1272 37
1273 37
1274 37
1275 37
1276 37
1277 37
1278 37
1279 37
1280 37
1281 37
1282 37
1283 37
1284 37
1285 37
1286 37
1287 37
1288 37
1289 37
1290 37
1291 37
1292 37
1293 37
1294 37
1295 37
1296 37
1297 37
1298 37
1299 37
1300 37
1301 37
1302 37
1303 37
1304 37
1305 37
1306 37
1307 37
1308 37
1309 37
1310 37
1311 37
1312 37
1313 37
1314 37
1315 37
1316 37
1317 37
1318 37
1319 37
1320 37
1321 37
1322 37
1323 37
1324 37
1325 37
1326 37
1327 37
1328 37
1329 37
1330 37
1331 37
1332 37
1333 37
1334 37
1335 37
1336 37
1337 37
1338 37
1339 37
1340 37
1341 37
1342 37
1343 37
1344 37
1345 37
1346 37
1347 37
1348 37
1349 37
1350 37
1351 37
1352 37
1353 37
1354 37
1355 37
1356 37
1357 37
1358 37
1359 37
1360 37
1361 37
1362 37
1363 37
1364 37
1365 37
1366 37
1367 37
1368 37
1369 37
1370 37
1371 37
1372 37
1373 37
1374 37
1375 37
1376 37
1377 37
1378 37
1379 37
1380 37
1381 37
1382 37
1383 37
1384 37
1385 37
1386 37
1387 37
1388 37
1389 37
1390 37
1391 37
1392 37
1393 37
1394 37
1395 37
1396 37
1397 37
1398 37
1399 37
1400 37
1401 37
1402 37
1403 37
1404 37
1405 37
1406 37
1407 37
1408 37
1409 37
1410 37
1411 37
1412 37
1413 37
1414 37
1415 37
1416 37
1417 37
1418 37
1419 37
1420 37
1421 37
1422 37
1423 37
1424 37
1425 37
1426 37
1427 37
1428 37
1429 37
1430 37
1431 37
1432 37
1433 37
1434 37
1435 37
1436 37
1437 37
1438 37
1439 37
1440 37
1441 37
1442 37
1443 37
1444 37
1445 37
1446 37
1447 37
1448 37
1449 37
1450 37
1451 37
1452 37
1453 37
1454 37
1455 37
1456 37
1457 37
1458 37
1459 37
1460 37
1461 37
1462 37
1463 37
1464 37
1465 37
1466 37
1467 37
1468 37
1469 37
1470 37
1471 37
1472 37
1473 37
1474 37
1475 37
1476 37
1477 37
1478 37
1479 37
1480 37
1481 37
1482 37
1483 37
1484 37
1485 37
1486 37
1487 37
1488 37
1489 37
1490 37
1491 37
1492 37
1493 37
1494 37
1495 37
1496 37
1497 37
1498 37
1499 37
1500 37
1501 37
1502 37
1503 37
1504 37
1505 37
1506 37
1507 37
1508 37
1509 37
1510 37
1511 37
1512 37
1513 37
1514 37
1515 37
1516 37
1517 37
1518 37
1519 37
1520 37
1521 37
1522 37
1523 37
1524 37
1525 37
1526 37
1527 37
1528 37
1529 37
1530 37
1531 37
1532 37
1533 37
1534 37
1535 37
1536 37
1537 37
1538 37
1539 37
1540 37
1541 37
1542 37
1543 37
1544 37
1545 37
1546 37
1547 37
1548 37
1549 37
1550 37
1551 37
1552 37
1553 37
1554 37
1555 37
1556 37
1557 37
1558 37
1559 37
1560 37
1561 37
1562 37
1563 37
1564 37
1565 37
1566 37
1567 37
1568 37
1569 37
1570 37
1571 37
1572 37
1573 37
1574 37
1575 37
1576 37
1577 37
1578 37
1579 37
1580 37
1581 37
1582 37
1583 37
1584 37
1585 37
1586 37
1587 37
1588 37
1589 37
1590 37
1591 37
1592 37
1593 37
1594 37
1595 37
1596 37
1597 37
1598 37
1599 37
1600 37
1601 37
1602 37
1603 37
1604 37
1605 37
1606 37
1607 37
1608 37
1609 37
1610 37
1611 37
1612 37
1613 37
1614 37
1615 37
1616 37
1617 37
1618 37
1619 37
1620 37
1621 37
1622 37
1623 37
1624 37
1625 37
1626 37
1627 37
1628 37
1629 37
1630 37
1631 37
1632 37
1633 37
1634 37
1635 37
1636 37
1637 37
1638 37
1639 37
1640 37
1641 37
1642 37
1643 37
1644 37
1645 37
1646 37
1647 37
1648 37
1649 37
1650 37
1651 37
1652 37
1653 37
1654 37
1655 37
1656 37
1657 37
1658 37
1659 37
1660 37
1661 37
1662 37
1663 37
1664 37
1665 37
1666 37
1667 37
1668 37
1669 37
1670 37
1671 37
1672 37
1673 37
1674 37
1675 37
1676 37
1677 37
1678 37
1679 37
1680 37
1681 37
1682 37
1683 37
1684 37
1685 37
1686 37
1687 37
1688 37
1689 37
1690 37
1691 37
1692 37
1693 37
1694 37
1695 37
1696 37
1697 37
1698 37
1699 37
1700 37
1701 37
1702 37
1703 37
1704 37
1705 37
1706 37
1707 37
1708 37
1709 37
1710 37
1711 37
1712 37
1713 37
1714 37
1715 37
1716 37
1717 37
1718 37
1719 37
1720 37
1721 37
1722 37
1723 37
1724 37
1725 37
1726 37
1727 37
1728 37
1729 37
1730 37
1731 37
1732 37
1733 37
1734 37
1735 37
1736 37
1737 37
1738 37
1739 37
1740 37
1741 37
1742 37
1743 37
1744 37
1745 37
1746 37
1747 37
1748 37
1749 37
1750 37
1751 37
1752 37
1753 37
1754 37
1755 37
1756 37
1757 37
1758 37
1759 37
1760 37
1761 37
1762 37
1763 37
1764 37
1765 37
1766 37
1767 37
1768 37
1769 37
1770 37
1771 37
1772 37
1773 37
1774 37
1775 37
1776 37
1777 37
1778 37
1779 37
1780 37
1781 37
1782 37
1783 37
1784 37
1785 37
1786 37
1787 37
1788 37
1789 37
1790 37
1791 37
1792 37
1793 37
1794 37
1795 37
1796 37
1797 37
1798 37
1799 37
1800 37
1801 37
1802 37
1803 37
1804 37
1805 37
1806 37
1807 37
1808 37
1809 37
1810 37
1811 37
1812 37
1813 37
1814 37
1815 37
1816 37
1817 37
1818 37
1819 37
1820 37
1821 37
1822 37
1823 37
1824 37
1825 37
1826 37
1827 37
1828 37
1829 37
1830 37
1831 37
1832 37
1833 37
1834 37
1835 37
1836 37
1837 37
1838 37
1839 37
1840 37
1841 37
1842 37
1843 37
1844 37
1845 37
1846 37
1847 37
1848 37
1849 37
1850 37
1851 37
1852 37
1853 37
1854 37
1855 37
1856 37
1857 37
1858 37
1859 37
1860 37
1861 37
1862 37
1863 37
1864 37
1865 37
1866 37
1867 37
1868 37
1869 37
1870 37
1871 37
1872 37
1873 37
1874 37
1875 37
1876 37
1877 37
1878 37
1879 37
1880 37
1881 37
1882 37
1883 37
1884 37
1885 37
1886 37
1887 37
1888 37
1889 37
1890 37
1891 37
1892 37
1893 37
1894 37
1895 37
1896 37
1897 37
1898 37
1899 37
1900 37
1901 37
1902 37
1903 37
1904 37
1905 37
1906 37
1907 37
1908 37
1909 37
1910 37
1911 37
1912 37
1913 37
1914 37
1915 37
1916 37
1917 37
1918 37
1919 37
1920 37
1921 37
1922 37
1923 37
1924 37
1925 37
1926 37
1927 37
1928 37
1929 37
1930 37
1931 37
1932 37
1933 37
1934 37
1935 37
1936 37
1937 37
1938 37
1939 37
1940 37
1941 37
1942 37
1943 37
1944 37
1945 37
1946 37
1947 37
1948 37
1949 37
1950 37
1951 37
1952 37
1953 37
1954 37
1955 37
1956 37
1957 37
1958 37
1959 37
1960 37
1961 37
1962 37
1963 37
1964 37
1965 37
1966 37
1967 37
1968 37
1969 37
1970 37
1971 37
1972 37
1973 37
1974 37
1975 37
1976 37
1977 37
1978 37
1979 37
1980 37
1981 37
1982 37
1983 37
1984 37
1985 37
1986 37
1987 37
1988 37
1989 37
1990 37
1991 37
1992 37
1993 37
1994 37
1995 37
1996 37
1997 37
1998 37
1999 37
2000 37
2001 37
2002 37
2003 37
2004 37
2005 37
2006 37
2007 37
2008 37
2009 37
2010 37
2011 37
2012 37
2013 37
2014 37
2015 37
2016 37
2017 37
2018 37
2019 37
2020 37
2021 37
2022 37
2023 37
2024 37
2025 37
2026 37
2027 37
2028 37
2029 37
2030 37
2031 37
2032 37
2033 37
2034 37
2035 37
2036 37
2037 37
2038 37
2039 37
2040 37
2041 37
2042 37
2043 37
2044 37
2045 37
2046 37
2047 37
2048 37
2049 37
2050 37
2051 37
2052 37
2053 37
2054 37
2055 37
2056 37
2057 37
2058 37
2059 37
2060 37
2061 37
2062 37
2063 37
2064 37
2065 37
2066 37
2067 37
2068 37
2069 37
2070 37
2071 37
2072 37
2073 37
2074 37
2075 37
2076 37
2077 37
2078 37
2079 37
2080 37
2081 37
2082 37
2083 37
2084 37
2085 37
2086 37
2087 37
2088 37
2089 37
2090 37
2091 37
2092 37
2093 37
2094 37
2095 37
2096 37
2097 37
2098 37
2099 37
2100 37
2101 37
2102 37
2103 37
2104 37
2105 37
2106 37
2107 37
2108 37
2109 37
2110 37
2111 37
2112 37
2113 37
2114 37
2115 37
2116 37
2117 37
2118 37
2119 37
2120 37
2121 37
2122 37
2123 37
2124 37
2125 37
2126 37
2127 37
2128 37
2129 37
2130 37
2131 37
2132 37
2133 37
2134 37
2135 37
2136 37
2137 37
2138 37
2139 37
2140 37
2141 37
2142 37
2143 37
2144 37
2145 37
2146 37
2147 37
2148 37
2149 37
2150 37
2151 37
2152 37
2153 37
2154 37
2155 37
2156 37
2157 37
2158 37
2159 37
2160 37
2161 37
2162 37
2163 37
2164 37
2165 37
2166 37
2167 37
2168 37
2169 37
2170 37
2171 37
2172 37
2173 37
2174 37
2175 37
2176 37
2177 37
2178 37
2179 37
2180 37
2181 37
2182 37
2183 37
2184 37
2185 37
2186 37
2187 37
2188 37
2189 37
2190 37
2191 37
2192 37
2193 37
2194 37
2195 37
2196 37
2197 37
2198 37
2199 37
2200 37
2201 37
2202 37
2203 37
2204 37
2205 37
2206 37
2207 37
2208 37
2209 37
2210 37
2211 37
2212 37
2213 37
2214 37
2215 37
2216 37
2217 37
2218 37
2219 37
2220 37
2221 37
2222 37
2223 37
2224 37
2225 37
2226 37
2227 37
2228 37
2229 37
2230 37
2231 37
2232 37
2233 37
2234 37
2235 37
2236 37
2237 37
2238 37
2239 37
2240 37
2241 37
2242 37
2243 37
2244 37
2245 37
2246 37
2247 37
2248 37
2249 37
2250 37
2251 37
2252 37
2253 37
2254 37
2255 37
2256 37
2257 37
2258 37
2259 37
2260 37
2261 37
2262 37
2263 37
2264 37
2265 37
2266 37
2267 37
2268 37
2269 37
2270 37
2271 37
2272 37
2273 37
2274 37
2275 37
2276 37
2277 37
2278 37
2279 37
2280 37
2281 37
2282 37
2283 37
2284 37
2285 37
2286 37
2287 37
2288 37
2289 37
2290 37
2291 37
2292 37
2293 37
2294 37
2295 37
2296 37
2297 37
2298 37
2299 37
2300 37
2301 37
2302 37
2303 37
2304 37
2305 37
2306 37
2307 37
2308 37
2309 37
2310 37
2311 37
2312 37
2313 37
2314 37
2315 37
2316 37
2317 37
2318 37
2319 37
2320 37
2321 37
2322 37
2323 37
2324 37
2325 37
2326 37
2327 37
2328 37
2329 37
2330 37
2331 37
2332 37
2333 37
2334 37
2335 37
2336 37
2337 37
2338 37
2339 37
2340 37
2341 37
2342 37
2343 37
2344 37
2345 37
2346 37
2347 37
2348 37
2349 37
2350 37
2351 37
2352 37
2353 37
2354 37
2355 37
2356 37
2357 37
2358 37
2359 37
2360 37
2361 37
2362 37
2363 37
2364 37
2365 37
2366 37
2367 37
2368 37
2369 37
2370 37
2371 37
2372 37
2373 37
2374 37
2375 37
2376 37
2377 37
2378 37
2379 37
2380 37
2381 37
2382 37
2383 37
2384 37
2385 37
2386 37
2387 37
2388 37
2389 37
2390 37
2391 37
2392 37
2393 37
2394 37
2395 37
2396 37
2397 37
2398 37
2399 37
2400 37
2401 37
2402 37
2403 37
2404 37
2405 37
2406 37
2407 37
2408 37
2409 37
2410 37
2411 37
2412 37
2413 37
2414 37
2415 37
2416 37
2417 37
2418 37
2419 37
2420 37
2421 37
2422 37
2423 37
2424 37
2425 37
2426 37
2427 37
2428 37
2429 37
2430 37
2431 37
2432 37
2433 37
2434 37
2435 37
2436 37
2437 37
2438 37
2439 37
2440 37
2441 37
2442 37
2443 37
2444 37
2445 37
2446 37
2447 37
2448 37
2449 37
2450 37
2451 37
2452 37
2453 37
2454 37
2455 37
2456 37
2457 37
2458 37
2459 37
2460 37
2461 37
2462 37
2463 37
2464 37
2465 37
2466 37
2467 37
2468 37
2469 37
2470 37
2471 37
2472 37
2473 37
2474 37
2475 37
2476 37
2477 37
2478 37
2479 37
2480 37
2481 37
2482 37
2483 37
2484 37
2485 37
2486 37
2487 37
2488 37
2489 37
2490 37
2491 37
2492 37
2493 37
2494 37
2495 37
2496 37
2497 37
2498 37
2499 37
2500 37
2501 37
2502 37
2503 37
2504 37
2505 37
2506 37
2507 37
2508 37
2509 37
2510 37
2511 37
2512 37
2513 37
2514 37
2515 37
2516 37
2517 37
2518 37
2519 37
2520 37
2521 37
2522 37
2523 37
2524 37
2525 37
2526 37
2527 37
2528 37
2529 37
2530 37
2531 37
2532 37
2533 37
2534 37
2535 37
2536 37
2537 37
2538 37
2539 37
2540 37
2541 37
2542 37
2543 37
2544 37
2545 37
2546 37
2547 37
2548 37
2549 37
2550 37
2551 37
2552 37
2553 37
2554 37
2555 37
2556 37
2557 37
2558 37
2559 37
2560 37
2561 37
2562 37
2563 37
2564 37
2565 37
2566 37
2567 37
2568 37
2569 37
2570 37
2571 37
2572 37
2573 37
2574 37
2575 37
2576 37
2577 37
2578 37
2579 37
2580 37
2581 37
2582 37
2583 37
2584 37
2585 37
2586 37
2587 37
2588 37
2589 37
2590 37
2591 37
2592 37
2593 37
2594 37
2595 37
2596 37
2597 37
2598 37
2599 37
2600 37
2601 37
2602 37
2603 37
2604 37
2605 37
2606 37
2607 37
2608 37
2609 37
2610 37
2611 37
2612 37
2613 37
2614 37
2615 37
2616 37
2617 37
2618 37
2619 37
2620 37
2621 37
2622 37
2623 37
2624 37
2625 37
2626 37
2627 37
2628 37
2629 37
2630 37
2631 37
2632 37
2633 37
2634 37
2635 37
2636 37
2637 37
2638 37
2639 37
2640 37
2641 37
2642 37
2643 37
2644 37
2645 37
2646 37
2647 37
2648 37
2649 37
2650 37
2651 37
2652 37
2653 37
2654 37
2655 37
2656 37
2657 37
2658 37
2659 37
2660 37
2661 37
2662 37
2663 37
2664 37
2665 37
2666 37
2667 37
2668 37
2669 37
2670 37
2671 37
2672 37
2673 37
2674 37
2675 37
2676 37
2677 37
2678 37
2679 37
2680 37
2681 37
2682 37
2683 37
2684 37
2685 37
2686 37
2687 37
2688 37
2689 37
2690 37
2691 37
2692 37
2693 37
2694 37
2695 37
2696 37
2697 37
2698 37
2699 37
2700 37
2701 37
2702 37
2703 37
2704 37
2705 37
2706 37
2707 37
2708 37
2709 37
2710 37
2711 37
2712 37
2713 37
2714 37
2715 37
2716 37
2717 37
2718 37
2719 37
2720 37
2721 37
2722 37
2723 37
2724 37
2725 37
2726 37
2727 37
2728 37
2729 37
2730 37
2731 37
2732 37
2733 37
2734 37
2735 37
2736 37
2737 37
2738 37
2739 37
2740 37
2741 37
2742 37
2743 37
2744 37
2745 37
2746 37
2747 37
2748 37
2749 37
2750 37
2751 37
2752 37
2753 37
2754 37
2755 37
2756 37
2757 37
2758 37
2759 37
2760 37
2761 37
2762 37
2763 37
2764 37
2765 37
2766 37
2767 37
2768 37
2769 37
2770 37
2771 37
2772 37
2773 37
2774 37
2775 37
2776 37
2777 37
2778 37
2779 37
2780 37
2781 37
2782 37
2783 37
2784 37
2785 37
2786 37
2787 37
2788 37
2789 37
2790 37
2791 37
2792 37
2793 37
2794 37
2795 37
2796 37
2797 37
2798 37
2799 37
2800 37
2801 37
2802 37
2803 37
2804 37
2805 37
2806 37
2807 37
2808 37
2809 37
2810 37
2811 37
2812 37
2813 37
2814 37
2815 37
2816 37
2817 37
2818 37
2819 37
2820 37
2821 37
2822 37
2823 37
2824 37
2825 37
2826 37
2827 37
2828 37
2829 37
2830 37
2831 37
2832 37
2833 37
2834 37
2835 37
2836 37
2837 37
2838 37
2839 37
2840 37
2841 37
2842 37
2843 37
2844 37
2845 37
2846 37
2847 37
2848 37
2849 37
2850 37
2851 37
2852 37
2853 37
2854 37
2855 37
2856 37
2857 37
2858 37
2859 37
2860 37
2861 37
2862 37
2863 37
2864 37
2865 37
2866 37
2867 37
2868 37
2869 37
2870 37
2871 37
2872 37
2873 37
2874 37
2875 37
2876 37
2877 37
2878 37
2879 37
2880 37
2881 37
2882 37
2883 37
2884 37
2885 37
2886 37
2887 37
2888 37
2889 37
2890 37
2891 37
2892 37
2893 37
2894 37
2895 37
2896 37
2897 37
2898 37
2899 37
2900 37
2901 37
2902 37
2903 37
2904 37
2905 37
2906 37
2907 37
2908 37
2909 37
2910 37
2911 37
2912 37
2913 37
2914 37
2915 37
2916 37
2917 37
2918 37
2919 37
2920 37
2921 37
2922 37
2923 37
2924 37
2925 37
2926 37
2927 37
2928 37
2929 37
2930 37
2931 37
2932 37
2933 37
2934 37
2935 37
2936 37
2937 37
2938 37
2939 37
2940 37
2941 37
2942 37
2943 37
2944 37
2945 37
2946 37
2947 37
2948 37
2949 37
2950 37
2951 37
2952 37
2953 37
2954 37
2955 37
2956 37
2957 37
2958 37
2959 37
2960 37
2961 37
2962 37
2963 37
2964 37
2965 37
2966 37
2967 37
2968 37
2969 37
2970 37
2971 37
2972 37
2973 37
2974 37
2975 37
2976 37
2977 37
2978 37
2979 37
2980 37
2981 37
2982 37
2983 37
2984 37
2985 37
2986 37
2987 37
2988 37
2989 37
2990 37
2991 37
2992 37
2993 37
2994 37
2995 37
2996 37
2997 37
2998 37
2999 37
3000 37
3001 37
3002 37
3003 37
3004 37
3005 37
3006 37
3007 37
3008 37
3009 37
3010 37
3011 37
3012 37
3013 37
3014 37
3015 37
3016 37
3017 37
3018 37
3019 37
3020 37
3021 37
3022 37
3023 37
3024 37
3025 37
3026 37
3027 37
3028 37
3029 37
3030 37
3031 37
3032 37
3033 37
3034 37
3035 37
3036 37
3037 37
3038 37
3039 37
3040 37
3041 37
3042 37
3043 37
3044 37
3045 37
3046 37
3047 37
3048 37
3049 37
3050 37
3051 37
3052 37
3053 37
3054 37
3055 37
3056 37
3057 37
3058 37
3059 37
3060 37
3061 37
3062 37
3063 37
3064 37
3065 37
3066 37
3067 37
3068 37
3069 37
3070 37
3071 37
3072 37
3073 37
3074 37
3075 37
3076 37
3077 37
3078 37
3079 37
3080 37
3081 37
3082 37
3083 37
3084 37
3085 37
3086 37
3087 37
3088 37
3089 37
3090 37
3091 37
3092 37
3093 37
3094 37
3095 37
3096 37
3097 37
3098 37
3099 37
3100 37
3101 37
3102 37
3103 37
3104 37
3105 37
3106 37
3107 37
3108 37
3109 37
3110 37
3111 37
3112 37
3113 37
3114 37
3115 37
3116 37
3117 37
3118 37
3119 37
3120 37
3121 37
3122 37
3123 37
3124 37
3125 37
3126 37
3127 37
3128 37
3129 37
3130 37
3131 37
3132 37
3133 37
3134 37
3135 37
3136 37
3137 37
3138 37
3139 37
3140 37
3141 37
3142 37
3143 37
3144 37
3145 37
3146 37
3147 37
3148 37
3149 37
3150 37
3151 37
3152 37
3153 37
3154 37
3155 37
3156 37
3157 37
3158 37
3159 37
3160 37
3161 37
3162 37
3163 37
3164 37
3165 37
3166 37
3167 37
3168 37
3169 37
3170 37
3171 37
3172 37
3173 37
3174 37
3175 37
3176 37
3177 37
3178 37
3179 37
3180 37
3181 37
3182 37
3183 37
3184 37
3185 37
3186 37
3187 37
3188 37
3189 37
3190 37
3191 37
3192 37
3193 37
3194 37
3195 37
3196 37
3197 37
3198 37
3199 37
3200 37
3201 37
3202 37
3203 37
3204 37
3205 37
3206 37
3207 37
3208 37
3209 37
3210 37
3211 37
3212 37
3213 37
3214 37
3215 37
3216 37
3217 37
3218 37
3219 37
3220 37
3221 37
3222 37
3223 37
3224 37
3225 37
3226 37
3227 37
3228 37
3229 37
3230 37
3231 37
3232 37
3233 37
3234 37
3235 37
3236 37
3237 37
3238 37
3239 37
3240 37
3241 37
3242 37
3243 37
3244 37
3245 37
3246 37
3247 37
3248 37
3249 37
3250 37
3251 37
3252 37
3253 37
3254 37
3255 37
3256 37
3257 37
3258 37
3259 37
3260 37
3261 37
3262 37
3263 37
3264 37
3265 37
3266 37
3267 37
3268 37
3269 37
3270 37
3271 37
3272 37
3273 37
3274 37
3275 37
3276 37
3277 37
3278 37
3279 37
3280 37
3281 37
3282 37
3283 37
3284 37
3285 37
3286 37
3287 37
3288 37
3289 37
3290 37
3291 37
3292 37
3293 37
3294 37
3295 37
3296 37
3297 37
3298 37
3299 37
3300 37
3301 37
3302 37
3303 37
3304 37
3305 37
3306 37
3307 37
3308 37
3309 37
3310 37
3311 37
3312 37
3313 37
3314 37
3315 37
3316 37
3317 37
3318 37
3319 37
3320 37
3321 37
3322 37
3323 37
3324 37
3325 37
3326 37
3327 37
3328 37
3329 37
3330 37
3331 37
3332 37
3333 37
3334 37
3335 37
3336 37
3337 37
3338 37
3339 37
3340 37
3341 37
3342 37
3343 37
3344 37
3345 37
3346 37
3347 37
3348 37
3349 37
3350 37
3351 37
3352 37
3353 37
3354 37
3355 37
3356 37
3357 37
3358 37
3359 37
3360 37
3361 37
3362 37
3363 37
3364 37
3365 37
3366 37
3367 37
3368 37
3369 37
3370 37
3371 37
3372 37
3373 37
3374 37
3375 37
3376 37
3377 37
3378 37
3379 37
3380 37
3381 37
3382 37
3383 37
3384 37
3385 37
3386 37
3387 37
3388 37
3389 37
3390 37
3391 37
3392 37
3393 37
3394 37
3395 37
3396 37
3397 37
3398 37
3399 37
3400 37
3401 37
3402 37
3403 37
3404 37
3405 37
3406 37
3407 37
3408 37
3409 37
3410 37
3411 37
3412 37
3413 37
3414 37
3415 37
3416 37
3417 37
3418 37
3419 37
3420 37
3421 37
3422 37
3423 37
3424 37
3425 37
3426 37
3427 37
3428 37
3429 37
3430 37
3431 37
3432 37
3433 37
3434 37
3435 37
3436 37
3437 37
3438 37
3439 37
3440 37
3441 37
3442 37
3443 37
3444 37
3445 37
3446 37
3447 37
3448 37
3449 37
3450 37
3451 37
3452 37
3453 37
3454 37
3455 37
3456 37
3457 37
3458 37
3459 37
3460 37
3461 37
3462 37
3463 37
3464 37
3465 37
3466 37
3467 37
3468 37
3469 37
3470 37
3471 37
3472 37
3473 37
3474 37
3475 37
3476 37
3477 37
3478 37
3479 37
3480 37
3481 37
3482 37
3483 37
3484 37
3485 37
3486 37
3487 37
3488 37
3489 37
3490 37
3491 37
3492 37
3493 37
3494 37
3495 37
3496 37
3497 37
3498 37
3499 37
3500 37
3501 37
3502 37
3503 37
3504 37
3505 37
3506 37
3507 37
3508 37
3509 37
3510 37
3511 37
3512 37
3513 37
3514 37
3515 37
3516 37
3517 37
3518 37
3519 37
3520 37
3521 37
3522 37
3523 37
3524 37
3525 37
3526 37
3527 37
3528 37
3529 37
3530 37
3531 37
3532 37
3533 37
3534 37
3535 37
3536 37
3537 37
3538 37
3539 37
3540 37
3541 37
3542 37
3543 37
3544 37
3545 37
3546 37
3547 37
3548 37
3549 37
3550 37
3551 37
3552 37
3553 37
3554 37
3555 37
3556 37
3557 37
3558 37
3559 37
3560 37
3561 37
3562 37
3563 37
3564 37
3565 37
3566 37
3567 37
3568 37
3569 37
3570 37
3571 37
3572 37
3573 37
3574 37
3575 37
3576 37
3577 37
3578 37
3579 37
3580 37
3581 37
3582 37
3583 37
3584 37
3585 37
3586 37
3587 37
3588 37
3589 37
3590 37
3591 37
3592 37
3593 37
3594 37
3595 37
3596 37
3597 37
3598 37
3599 37
3600 37
3601 37
3602 37
3603 37
3604 37
3605 37
3606 37
3607 37
3608 37
3609 37
3610 37
3611 37
3612 37
3613 37
3614 37
3615 37
3616 37
3617 37
3618 37
3619 37
3620 37
3621 37
3622 37
3623 37
3624 37
3625 37
3626 37
3627 37
3628 37
3629 37
3630 37
3631 37
3632 37
3633 37
3634 37
3635 37
3636 37
3637 37
3638 37
3639 37
3640 37
3641 37
3642 37
3643 37
3644 37
3645 37
3646 37
3647 37
3648 37
3649 37
3650 37
3651 37
3652 37
3653 37
3654 37
3655 37
3656 37
3657 37
3658 37
3659 37
3660 37
3661 37
3662 37
3663 37
3664 37
3665 37
3666 37
3667 37
3668 37
3669 37
3670 37
3671 37
3672 37
3673 37
3674 37
3675 37
3676 37
3677 37
3678 37
3679 37
3680 37
3681 37
3682 37
3683 37
3684 37
3685 37
3686 37
3687 37
3688 37
3689 37
3690 37
3691 37
3692 37
3693 37
3694 37
3695 37
3696 37
3697 37
3698 37
3699 37
3700 37
3701 37
3702 37
3703 37
3704 37
3705 37
3706 37
3707 37
3708 37
3709 37
3710 37
3711 37
3712 37
3713 37
3714 37
3715 37
3716 37
3717 37
3718 37
3719 37
3720 37
3721 37
3722 37
3723 37
3724 37
3725 37
3726 37
3727 37
3728 37
3729 37
3730 37
3731 37
3732 37
3733 37
3734 37
3735 37
3736 37
3737 37
3738 37
3739 37
3740 37
3741 37
3742 37
3743 37
3744 37
3745 37
3746 37
3747 37
3748 37
3749 37
3750 37
3751 37
3752 37
3753 37
3754 37
3755 37
3756 37
3757 37
3758 37
3759 37
3760 37
3761 37
3762 37
3763 37
3764 37
3765 37
3766 37
3767 37
3768 37
3769 37
3770 37
3771 37
3772 37
3773 37
3774 37
3775 37
3776 37
3777 37
3778 37
3779 37
3780 37
3781 37
3782 37
3783 37
3784 37
3785 37
3786 37
3787 37
3788 37
3789 37
3790 37
3791 37
3792 37
3793 37
3794 37
3795 37
3796 37
3797 37
3798 37
3799 37
3800 37
3801 37
3802 37
3803 37
3804 37
3805 37
3806 37
3807 37
3808 37
3809 37
3810 37
3811 37
3812 37
3813 37
3814 37
3815 37
3816 37
3817 37
3818 37
3819 37
3820 37
3821 37
3822 37
3823 37
3824 37
3825 37
3826 37
3827 37
3828 37
3829 37
3830 37
3831 37
3832 37
3833 37
3834 37
3835 37
3836 37
3837 37
3838 37
3839 37
3840 37
3841 37
3842 37
3843 37
3844 37
3845 37
3846 37
3847 37
3848 37
3849 37
3850 37
3851 37
3852 37
3853 37
3854 37
3855 37
3856 37
3857 37
3858 37
3859 37
3860 37
3861 37
3862 37
3863 37
3864 37
3865 37
3866 37
3867 37
3868 37
3869 37
3870 37
3871 37
3872 37
3873 37
3874 37
3875 37
3876 37
3877 37
3878 37
3879 37
3880 37
3881 37
3882 37
3883 37
3884 37
3885 37
3886 37
3887 37
3888 37
3889 37
3890 37
3891 37
3892 37
3893 37
3894 37
3895 37
3896 37
3897 37
3898 37
3899 37
3900 37
3901 37
3902 37
3903 37
3904 37
3905 37
3906 37
3907 37
3908 37
3909 37
3910 37
3911 37
3912 37
3913 37
3914 37
3915 37
3916 37
3917 37
3918 37
3919 37
3920 37
3921 37
3922 37
3923 37
3924 37
3925 37
3926 37
3927 37
3928 37
3929 37
3930 37
3931 37
3932 37
3933 37
3934 37
3935 37
3936 37
3937 37
3938 37
3939 37
3940 37
3941 37
3942 37
3943 37
3944 37
3945 37
3946 37
3947 37
3948 37
3949 37
3950 37
3951 37
3952 37
3953 37
3954 37
3955 37
3956 37
3957 37
3958 37
3959 37
3960 37
3961 37
3962 37
3963 37
3964 37
3965 37
3966 37
3967 37
3968 37
3969 37
3970 37
3971 37
3972 37
3973 37
3974 37
3975 37
3976 37
3977 37
3978 37
3979 37
3980 37
3981 37
3982 37
3983 37
3984 37
3985 37
3986 37
3987 37
3988 37
3989 37
3990 37
3991 37
3992 37
3993 37
3994 37
3995 37
3996 37
3997 37
3998 37
3999 37
4000 37
4001 37
4002 37
4003 37
4004 37
4005 37
4006 37
4007 37
4008 37
4009 37
4010 37
4011 37
4012 37
4013 37
4014 37
4015 37
4016 37
4017 37
4018 37
4019 37
4020 37
4021 37
4022 37
4023 37
4024 37
4025 37
4026 37
4027 37
4028 37
4029 37
4030 37
4031 37
4032 37
4033 37
4034 37
4035 37
4036 37
4037 37
4038 37
4039 37
4040 37
4041 37
4042 37
4043 37
4044 37
4045 37
4046 37
4047 37
4048 37
4049 37
4050 37
4051 37
4052 37
4053 37
4054 37
4055 37
4056 37
4057 37
4058 37
4059 37
4060 37
4061 37
4062 37
4063 37
4064 37
4065 37
4066 37
4067 37
4068 37
4069 37
4070 37
4071 37
4072 37
4073 37
4074 37
4075 37
4076 37
4077 37
4078 37
4079 37
4080 37
4081 37
4082 37
4083 37
4084 37
4085 37
4086 37
4087 37
4088 37
4089 37
4090 37
4091 37
4092 37
4093 37
4094 37
4095 37
4096 37
4097 37
4098 37
4099 37
4100 37
4101 37
4102 37
4103 37
4104 37
4105 37
4106 37
4107 37
4108 37
4109 37
4110 37
4111 37
4112 37
4113 37
4114 37
4115 37
4116 37
4117 37
4118 37
4119 37
4120 37
4121 37
4122 37
4123 37
4124 37
4125 37
4126 37
4127 37
4128 37
4129 37
4130 37
4131 37
4132 37
4133 37
4134 37
4135 37
4136 37
4137 37
4138 37
4139 37
4140 37
4141 37
4142 37
4143 37
4144 37
4145 37
4146 37
4147 37
4148 37
4149 37
4150 37
4151 37
4152 37
4153 37
4154 37
4155 37
4156 37
4157 37
4158 37
4159 37
4160 37
4161 37
4162 37
4163 37
4164 37
4165 37
4166 37
4167 37
4168 37
4169 37
4170 37
4171 37
4172 37
4173 37
4174 37
4175 37
4176 37
4177 37
4178 37
4179 37
4180 37
4181 37
4182 37
4183 37
4184 37
4185 37
4186 37
4187 37
4188 37
4189 37
4190 37
4191 37
4192 37
4193 37
4194 37
4195 37
4196 37
4197 37
4198 37
4199 37
4200 37
4201 37
4202 37
4203 37
4204 37
4205 37
4206 37
4207 37
4208 37
4209 37
4210 37
4211 37
4212 37
4213 37
4214 37
4215 37
4216 37
4217 37
4218 37
4219 37
4220 37
4221 37
4222 37
4223 37
4224 37
4225 37
4226 37
4227 37
4228 37
4229 37
4230 37
4231 37
4232 37
4233 37
4234 37
4235 37
4236 37
4237 37
4238 37
4239 37
4240 37
4241 37
4242 37
4243 37
4244 37
4245 37
4246 37
4247 37
4248 37
4249 37
4250 37
4251 37
4252 37
4253 37
4254 37
4255 37
4256 37
4257 37
4258 37
4259 37
4260 37
4261 37
4262 37
4263 37
4264 37
4265 37
4266 37
4267 37
4268 37
4269 37
4270 37
4271 37
4272 37
4273 37
4274 37
4275 37
4276 37
4277 37
4278 37
4279 37
4280 37
4281 37
4282 37
4283 37
4284 37
4285 37
4286 37
4287 37
4288 37
4289 37
4290 37
4291 37
4292 37
4293 37
4294 37
4295 37
4296 37
4297 37
4298 37
4299 37
4300 37
4301 37
4302 37
4303 37
4304 37
4305 37
4306 37
4307 37
4308 37
4309 37
4310 37
4311 37
4312 37
4313 37
4314 37
4315 37
4316 37
4317 37
4318 37
4319 37
4320 37
4321 37
4322 37
4323 37
4324 37
4325 37
4326 37
4327 37
4328 37
4329 37
4330 37
4331 37
4332 37
4333 37
4334 37
4335 37
4336 37
4337 37
4338 37
4339 37
4340 37
4341 37
4342 37
4343 37
4344 37
4345 37
4346 37
4347 37
4348 37
4349 37
4350 37
4351 37
4352 37
4353 37
4354 37
4355 37
4356 37
4357 37
4358 37
4359 37
4360 37
4361 37
4362 37
4363 37
4364 37
4365 37
4366 37
4367 37
4368 37
4369 37
4370 37
4371 37
4372 37
4373 37
4374 37
4375 37
4376 37
4377 37
4378 37
4379 37
4380 37
4381 37
4382 37
4383 37
4384 37
4385 37
4386 37
4387 37
4388 37
4389 37
4390 37
4391 37
4392 37
4393 37
4394 37
4395 37
4396 37
4397 37
4398 37
4399 37
4400 37
4401 37
4402 37
4403 37
4404 37
4405 37
4406 37
4407 37
4408 37
4409 37
4410 37
4411 37
4412 37
4413 37
4414 37
4415 37
4416 37
4417 37
4418 37
4419 37
4420 37
4421 37
4422 37
4423 37
4424 37
4425 37
4426 37
4427 37
4428 37
4429 37
4430 37
4431 37
4432 37
4433 37
4434 37
4435 37
4436 37
4437 37
4438 37
4439 37
4440 37
4441 37
4442 37
4443 37
4444 37
4445 37
4446 37
4447 37
4448 37
4449 37
4450 37
4451 37
4452 37
4453 37
4454 37
4455 37
4456 37
4457 37
4458 37
4459 37
4460 37
4461 37
4462 37
4463 37
4464 37
4465 37
4466 37
4467 37
4468 37
4469 37
4470 37
4471 37
4472 37
4473 37
4474 37
4475 37
4476 37
4477 37
4478 37
4479 37
4480 37
4481 37
4482 37
4483 37
4484 37
4485 37
4486 37
4487 37
4488 37
4489 37
4490 37
4491 37
4492 37
4493 37
4494 37
4495 37
4496 37
4497 37
4498 37
4499 37
4500 37
4501 37
4502 37
4503 37
4504 37
4505 37
4506 37
4507 37
4508 37
4509 37
4510 37
4511 37
4512 37
4513 37
4514 37
4515 37
4516 37
4517 37
4518 37
4519 37
4520 37
4521 37
4522 37
4523 37
4524 37
4525 37
4526 37
4527 37
4528 37
4529 37
4530 37
4531 37
4532 37
4533 37
4534 37
4535 37
4536 37
4537 37
4538 37
4539 37
4540 37
4541 37
4542 37
4543 37
4544 37
4545 37
4546 37
4547 37
4548 37
4549 37
4550 37
4551 37
4552 37
4553 37
4554 37
4555 37
4556 37
4557 37
4558 37
4559 37
4560 37
4561 37
4562 37
4563 37
4564 37
4565 37
4566 37
4567 37
4568 37
4569 37
4570 37
4571 37
4572 37
4573 37
4574 37
4575 37
4576 37
4577 37
4578 37
4579 37
4580 37
4581 37
4582 37
4583 37
4584 37
4585 37
4586 37
4587 37
4588 37
4589 37
4590 37
4591 37
4592 37
4593 37
4594 37
4595 37
4596 37
4597 37
4598 37
4599 37
4600 37
4601 37
4602 37
4603 37
4604 37
4605 37
4606 37
4607 37
4608 37
4609 37
4610 37
4611 37
4612 37
4613 37
4614 37
4615 37
4616 37
4617 37
4618 37
4619 37
4620 37
4621 37
4622 37
4623 37
4624 37
4625 37
4626 37
4627 37
4628 37
4629 37
4630 37
4631 37
4632 37
4633 37
4634 37
4635 37
4636 37
4637 37
4638 37
4639 37
4640 37
4641 37
4642 37
4643 37
4644 37
4645 37
4646 37
4647 37
4648 37
4649 37
4650 37
4651 37
4652 37
4653 37
4654 37
4655 37
4656 37
4657 37
4658 37
4659 37
4660 37
4661 37
4662 37
4663 37
4664 37
4665 37
4666 37
4667 37
4668 37
4669 37
4670 37
4671 37
4672 37
4673 37
4674 37
4675 37
4676 37
4677 37
4678 37
4679 37
4680 37
4681 37
4682 37
4683 37
4684 37
4685 37
4686 37
4687 37
4688 37
4689 37
4690 37
4691 37
4692 37
4693 37
4694 37
4695 37
4696 37
4697 37
4698 37
4699 37
4700 37
4701 37
4702 37
4703 37
4704 37
4705 37
4706 37
4707 37
4708 37
4709 37
4710 37
4711 37
4712 37
4713 37
4714 37
4715 37
4716 37
4717 37
4718 37
4719 37
4720 37
4721 37
4722 37
4723 37
4724 37
4725 37
4726 37
4727 37
4728 37
4729 37
4730 37
4731 37
4732 37
4733 37
4734 37
4735 37
4736 37
4737 37
4738 37
4739 37
4740 37
4741 37
4742 37
4743 37
4744 37
4745 37
4746 37
4747 37
4748 37
4749 37
4750 37
4751 37
4752 37
4753 37
4754 37
4755 37
4756 37
4757 37
4758 37
4759 37
4760 37
4761 37
4762 37
4763 37
4764 37
4765 37
4766 37
4767 37
4768 37
4769 37
4770 37
4771 37
4772 37
4773 37
4774 37
4775 37
4776 37
4777 37
4778 37
4779 37
4780 37
4781 37
4782 37
4783 37
4784 37
4785 37
4786 37
4787 37
4788 37
4789 37
4790 37
4791 37
4792 37
4793 37
4794 37
4795 37
4796 37
4797 37
4798 37
4799 37
4800 37
4801 37
4802 37
4803 37
4804 37
4805 37
4806 37
4807 37
4808 37
4809 37
4810 37
4811 37
4812 37
4813 37
4814 37
4815 37
4816 37
4817 37
4818 37
4819 37
4820 37
4821 37
4822 37
4823 37
4824 37
4825 37
4826 37
4827 37
4828 37
4829 37
4830 37
4831 37
4832 37
4833 37
4834 37
4835 37
4836 37
4837 37
4838 37
4839 37
4840 37
4841 37
4842 37
4843 37
4844 37
4845 37
4846 37
4847 37
4848 37
4849 37
4850 37
4851 37
4852 37
4853 37
4854 37
4855 37
4856 37
4857 37
4858 37
4859 37
4860 37
4861 37
4862 37
4863 37
4864 37
4865 37
4866 37
4867 37
4868 37
4869 37
4870 37
4871 37
4872 37
4873 37
4874 37
4875 37
4876 37
4877 37
4878 37
4879 37
4880 37
4881 37
4882 37
4883 37
4884 37
4885 37
4886 37
4887 37
4888 37
4889 37
4890 37
4891 37
4892 37
4893 37
4894 37
4895 37
4896 37
4897 37
4898 37
4899 37
4900 37
4901 37
4902 37
4903 37
4904 37
4905 37
4906 37
4907 37
4908 37
4909 37
4910 37
4911 37
4912 37
4913 37
4914 37
4915 37
4916 37
4917 37
4918 37
4919 37
4920 37
4921 37
4922 37
4923 37
4924 37
4925 37
4926 37
4927 37
4928 37
4929 37
4930 37
4931 37
4932 37
4933 37
4934 37
4935 37
4936 37
4937 37
4938 37
4939 37
4940 37
4941 37
4942 37
4943 37
4944 37
4945 37
4946 37
4947 37
4948 37
4949 37
4950 37
4951 37
4952 37
4953 37
4954 37
4955 37
4956 37
4957 37
4958 37
4959 37
4960 37
4961 37
4962 37
4963 37
4964 37
4965 37
4966 37
4967 37
4968 37
4969 37
4970 37
4971 37
4972 37
4973 37
4974 37
4975 37
4976 37
4977 37
4978 37
4979 37
4980 37
4981 37
4982 37
4983 37
4984 37
4985 37
4986 37
4987 37
4988 37
4989 37
4990 37
4991 37
4992 37
4993 37
4994 37
4995 37
4996 37
4997 37
4998 37
4999 37
5000 37
5001 37
5002 37
5003 37
5004 37
5005 37
5006 37
5007 37
5008 37
5009 37
5010 37
5011 37
5012 37
5013 37
5014 37
5015 37
5016 37
5017 37
5018 37
5019 37
5020 37
5021 37
5022 37
5023 37
5024 37
5025 37
5026 37
5027 37
5028 37
5029 37
5030 37
5031 37
5032 37
5033 37
5034 37
5035 37
5036 37
5037 37
5038 37
5039 37
5040 37
5041 37
5042 37
5043 37
5044 37
5045 37
5046 37
5047 37
5048 37
5049 37
5050 37
5051 37
5052 37
5053 37
5054 37
5055 37
5056 37
5057 37
5058 37
5059 37
5060 37
5061 37
5062 37
5063 37
5064 37
5065 37
5066 37
5067 37
5068 37
5069 37
5070 37
5071 37
5072 37
5073 37
5074 37
5075 37
5076 37
5077 37
5078 37
5079 37
5080 37
5081 37
5082 37
5083 37
5084 37
5085 37
5086 37
5087 37
5088 37
5089 37
5090 37
5091 37
5092 37
5093 37
5094 37
5095 37
5096 37
5097 37
5098 37
5099 37
5100 37
5101 37
5102 37
5103 37
5104 37
5105 37
5106 37
5107 37
5108 37
5109 37
5110 37
5111 37
5112 37
5113 37
5114 37
5115 37
5116 37
5117 37
5118 37
5119 37
5120 37
5121 37
5122 37
5123 37
5124 37
5125 37
5126 37
5127 37
5128 37
5129 37
5130 37
5131 37
5132 37
5133 37
5134 37
5135 37
5136 37
5137 37
5138 37
5139 37
5140 37
5141 37
5142 37
5143 37
5144 37
5145 37
5146 37
5147 37
5148 37
5149 37
5150 37
5151 37
5152 37
5153 37
5154 37
5155 37
5156 37
5157 37
5158 37
5159 37
5160 37
5161 37
5162 37
5163 37
5164 37
5165 37
5166 37
5167 37
5168 37
5169 37
5170 37
5171 37
5172 37
5173 37
5174 37
5175 37
5176 37
5177 37
5178 37
5179 37
5180 37
5181 37
5182 37
5183 37
5184 37
5185 37
5186 37
5187 37
5188 37
5189 37
5190 37
5191 37
5192 37
5193 37
5194 37
5195 37
5196 37
5197 37
5198 37
5199 37
5200 37
5201 37
5202 37
5203 37
5204 37
5205 37
5206 37
5207 37
5208 37
5209 37
5210 37
5211 37
5212 37
5213 37
5214 37
5215 37
5216 37
5217 37
5218 37
5219 37
5220 37
5221 37
5222 37
5223 37
5224 37
5225 37
5226 37
5227 37
5228 37
5229 37
5230 37
5231 37
5232 37
5233 37
5234 37
5235 37
5236 37
5237 37
5238 37
5239 37
5240 37
5241 37
5242 37
5243 37
5244 37
5245 37
5246 37
5247 37
5248 37
5249 37
5250 37
5251 37
5252 37
5253 37
5254 37
5255 37
5256 37
5257 37
5258 37
5259 37
5260 37
5261 37
5262 37
5263 37
5264 37
5265 37
5266 37
5267 37
5268 37
5269 37
5270 37
5271 37
5272 37
5273 37
5274 37
5275 37
5276 37
5277 37
5278 37
5279 37
5280 37
5281 37
5282 37
5283 37
5284 37
5285 37
5286 37
5287 37
5288 37
5289 37
5290 37
5291 37
5292 37
5293 37
5294 37
5295 37
5296 37
5297 37
5298 37
5299 37
5300 37
5301 37
5302 37
5303 37
5304 37
5305 37
5306 37
5307 37
5308 37
5309 37
5310 37
5311 37
5312 37
5313 37
5314 37
5315 37
5316 37
5317 37
5318 37
5319 37
5320 37
5321 37
5322 37
5323 37
5324 37
5325 37
5326 37
5327 37
5328 37
5329 37
5330 37
5331 37
5332 37
5333 37
5334 37
5335 37
5336 37
5337 37
5338 37
5339 37
5340 37
5341 37
5342 37
5343 37
5344 37
5345 37
5346 37
5347 37
5348 37
5349 37
5350 37
5351 37
5352 37
5353 37
5354 37
5355 37
5356 37
5357 37
5358 37
5359 37
5360 37
5361 37
5362 37
5363 37
5364 37
5365 37
5366 37
5367 37
5368 37
5369 37
5370 37
5371 37
5372 37
5373 37
5374 37
5375 37
5376 37
5377 37
5378 37
5379 37
5380 37
5381 37
5382 37
5383 37
5384 37
5385 37
5386 37
5387 37
5388 37
5389 37
5390 37
5391 37
5392 37
5393 37
5394 37
5395 37
5396 37
5397 37
5398 37
5399 37
5400 37
5401 37
5402 37
5403 37
5404 37
5405 37
5406 37
5407 37
5408 37
5409 37
5410 37
5411 37
5412 37
5413 37
5414 37
5415 37
5416 37
5417 37
5418 37
5419 37
5420 37
5421 37
5422 37
5423 37
5424 37
5425 37
5426 37
5427 37
5428 37
5429 37
5430 37
5431 37
5432 37
5433 37
5434 37
5435 37
5436 37
5437 37
5438 37
5439 37
5440 37
5441 37
5442 37
5443 37
5444 37
5445 37
5446 37
5447 37
5448 37
5449 37
5450 37
5451 37
5452 37
5453 37
5454 37
5455 37
5456 37
5457 37
5458 37
5459 37
5460 37
5461 37
5462 37
5463 37
5464 37
5465 37
5466 37
5467 37
5468 37
5469 37
5470 37
5471 37
5472 37
5473 37
5474 37
5475 37
5476 37
5477 37
5478 37
5479 37
5480 37
5481 37
5482 37
5483 37
5484 37
5485 37
5486 37
5487 37
5488 37
5489 37
5490 37
5491 37
5492 37
5493 37
5494 37
5495 37
5496 37
5497 37
5498 37
5499 37
5500 37
5501 37
5502 37
5503 37
5504 37
5505 37
5506 37
5507 37
5508 37
5509 37
5510 37
5511 37
5512 37
5513 37
5514 37
5515 37
5516 37
5517 37
5518 37
5519 37
5520 37
5521 37
5522 37
5523 37
5524 37
5525 37
5526 37
5527 37
5528 37
5529 37
5530 37
5531 37
5532 37
5533 37
5534 37
5535 37
5536 37
5537 37
5538 37
5539 37
5540 37
5541 37
5542 37
5543 37
5544 37
5545 37
5546 37
5547 37
5548 37
5549 37
5550 37
5551 37
5552 37
5553 37
5554 37
5555 37
5556 37
5557 37
5558 37
5559 37
5560 37
5561 37
5562 37
5563 37
5564 37
5565 37
5566 37
5567 37
5568 37
5569 37
5570 37
5571 37
5572 37
5573 37
5574 37
5575 37
5576 37
5577 37
5578 37
5579 37
5580 37
5581 37
5582 37
5583 37
5584 37
5585 37
5586 37
5587 37
5588 37
5589 37
5590 37
5591 37
5592 37
5593 37
5594 37
5595 37
5596 37
5597 37
5598 37
5599 37
5600 37
5601 37
5602 37
5603 37
5604 37
5605 37
5606 37
5607 37
5608 37
5609 37
5610 37
5611 37
5612 37
5613 37
5614 37
5615 37
5616 37
5617 37
5618 37
5619 37
5620 37
5621 37
5622 37
5623 37
5624 37
5625 37
5626 37
5627 37
5628 37
5629 37
5630 37
5631 37
5632 37
5633 37
5634 37
5635 37
5636 37
5637 37
5638 37
5639 37
5640 37
5641 37
5642 37
5643 37
5644 37
5645 37
5646 37
5647 37
5648 37
5649 37
5650 37
5651 37
5652 37
5653 37
5654 37
5655 37
5656 37
5657 37
5658 37
5659 37
5660 37
5661 37
5662 37
5663 37
5664 37
5665 37
5666 37
5667 37
5668 37
5669 37
5670 37
5671 37
5672 37
5673 37
5674 37
5675 37
5676 37
5677 37
5678 37
5679 37
5680 37
5681 37
5682 37
5683 37
5684 37
5685 37
5686 37
5687 37
5688 37
5689 37
5690 37
5691 37
5692 37
5693 37
5694 37
5695 37
5696 37
5697 37
5698 37
5699 37
5700 37
5701 37
5702 37
5703 37
5704 37
5705 37
5706 37
5707 37
5708 37
5709 37
5710 37
5711 37
5712 37
5713 37
5714 37
5715 37
5716 37
5717 37
5718 37
5719 37
5720 37
5721 37
5722 37
5723 37
5724 37
5725 37
5726 37
5727 37
5728 37
5729 37
5730 37
5731 37
5732 37
5733 37
5734 37
5735 37
5736 37
5737 37
5738 37
5739 37
5740 37
5741 37
5742 37
5743 37
5744 37
5745 37
5746 37
5747 37
5748 37
5749 37
5750 37
5751 37
5752 37
5753 37
5754 37
5755 37
5756 37
5757 37
5758 37
5759 37
5760 37
5761 37
5762 37
5763 37
5764 37
5765 37
5766 37
5767 37
5768 37
5769 37
5770 37
5771 37
5772 37
5773 37
5774 37
5775 37
5776 37
5777 37
5778 37
5779 37
5780 37
5781 37
5782 37
5783 37
5784 37
5785 37
5786 37
5787 37
5788 37
5789 37
5790 37
5791 37
5792 37
5793 37
5794 37
5795 37
5796 37
5797 37
5798 37
5799 37
5800 37
5801 37
5802 37
5803 37
5804 37
5805 37
5806 37
5807 37
5808 37
5809 37
5810 37
5811 37
5812 37
5813 37
5814 37
5815 37
5816 37
5817 37
5818 37
5819 37
5820 37
5821 37
5822 37
5823 37
5824 37
5825 37
5826 37
5827 37
5828 37
5829 37
5830 37
5831 37
5832 37
5833 37
5834 37
5835 37
5836 37
5837 37
5838 37
5839 37
5840 37
5841 37
5842 37
5843 37
5844 37
5845 37
5846 37
5847 37
5848 37
5849 37
5850 37
5851 37
5852 37
5853 37
5854 37
5855 37
5856 37
5857 37
5858 37
5859 37
5860 37
5861 37
5862 37
5863 37
5864 37
5865 37
5866 37
5867 37
5868 37
5869 37
5870 37
5871 37
5872 37
5873 37
5874 37
5875 37
5876 37
5877 37
5878 37
5879 37
5880 37
5881 37
5882 37
5883 37
5884 37
5885 37
5886 37
5887 37
5888 37
5889 37
5890 37
5891 37
5892 37
5893 37
5894 37
5895 37
5896 37
5897 37
5898 37
5899 37
5900 37
5901 37
5902 37
5903 37
5904 37
5905 37
5906 37
5907 37
5908 37
5909 37
5910 37
5911 37
5912 37
5913 37
5914 37
5915 37
5916 37
5917 37
5918 37
5919 37
5920 37
5921 37
5922 37
5923 37
5924 37
5925 37
5926 37
5927 37
5928 37
5929 37
5930 37
5931 37
5932 37
5933 37
5934 37
5935 37
5936 37
5937 37
5938 37
5939 37
5940 37
5941 37
5942 37
5943 37
5944 37
5945 37
5946 37
5947 37
5948 37
5949 37
5950 37
5951 37
5952 37
5953 37
5954 37
5955 37
5956 37
5957 37
5958 37
5959 37
5960 37
5961 37
5962 37
5963 37
5964 37
5965 37
5966 37
5967 37
5968 37
5969 37
5970 37
5971 37
5972 37
5973 37
5974 37
5975 37
5976 37
5977 37
5978 37
5979 37
5980 37
5981 37
5982 37
5983 37
5984 37
5985 37
5986 37
5987 37
5988 37
5989 37
5990 37
5991 37
5992 37
5993 37
5994 37
5995 37
5996 37
5997 37
5998 37
5999 37
6000 37
6001 37
6002 37
6003 37
6004 37
6005 37
6006 37
6007 37
6008 37
6009 37
6010 37
6011 37
6012 37
6013 37
6014 37
6015 37
6016 37
6017 37
6018 37
6019 37
6020 37
6021 37
6022 37
6023 37
6024 37
6025 37
6026 37
6027 37
6028 37
6029 37
6030 37
6031 37
6032 37
6033 37
6034 37
6035 37
6036 37
6037 37
6038 37
6039 37
6040 37
6041 37
6042 37
6043 37
6044 37
6045 37
6046 37
6047 37
6048 37
6049 37
6050 37
6051 37
6052 37
6053 37
6054 37
6055 37
6056 37
6057 37
6058 37
6059 37
6060 37
6061 37
6062 37
6063 37
6064 37
6065 37
6066 37
6067 37
6068 37
6069 37
6070 37
6071 37
6072 37
6073 37
6074 37
6075 37
6076 37
6077 37
6078 37
6079 37
6080 37
6081 37
6082 37
6083 37
6084 37
6085 37
6086 37
6087 37
6088 37
6089 37
6090 37
6091 37
6092 37
6093 37
6094 37
6095 37
6096 37
6097 37
6098 37
6099 37
6100 37
6101 37
6102 37
6103 37
6104 37
6105 37
6106 37
6107 37
6108 37
6109 37
6110 37
6111 37
6112 37
6113 37
6114 37
6115 37
6116 37
6117 37
6118 37
6119 37
6120 37
6121 37
6122 37
6123 37
6124 37
6125 37
6126 37
6127 37
6128 37
6129 37
6130 37
6131 37
6132 37
6133 37
6134 37
6135 37
6136 37
6137 37
6138 37
6139 37
6140 37
6141 37
6142 37
6143 37
6144 37
